Utility Matrix:
  [155, 1849, 1880, 3115, 3705, 5553, 5602, 6819, 8662, 8728]
  [301, 1744, 2736, 3852, 4267, 4978, 6391, 6614, 7096, 7302]
  [276, 1122, 1284, 1430, 3217, 6312, 6514, 7365, 8608, 9010]

Utility Matrix:
  [2128, 2771, 2779, 4232, 5947, 5949, 8068, 9174, 9372, 9733]
  [516, 1888, 3053, 5165, 5848, 6382, 6896, 7269, 7318, 9856]
  [392, 736, 981, 2003, 3131, 3878, 6681, 8373, 8478, 9789]

Utility Matrix:
  [1576, 2170, 3226, 6295, 7142, 8954, 9461, 9534, 9790, 9894]
  [400, 704, 2029, 2932, 3633, 5035, 7383, 8026, 8740, 9574]
  [612, 996, 1696, 2500, 6103, 6139, 7948, 8138, 9122, 9485]

Utility Matrix:
  [247, 2636, 3417, 3841, 4379, 4896, 5000, 6599, 8621, 8731, 9677]
  [544, 4126, 4372, 4668, 4829, 5225, 5273, 6235, 8589, 8810, 9240]
  [621, 1089, 1141, 1636, 1665, 2796, 2940, 4655, 7997, 8905, 9350]

Utility Matrix:
  [344, 514, 720, 957, 1174, 1245, 1844, 2916, 4228, 5397, 6283]
  [1151, 2167, 4627, 4792, 5431, 6541, 7014, 7147, 8108, 9390, 9873]
  [2334, 2377, 3179, 3932, 4925, 5528, 5823, 6345, 9035, 9147, 9408]

Utility Matrix:
  [527, 571, 3876, 4300, 4716, 6106, 6840, 7105, 8510]
  [1741, 3687, 3762, 6120, 6490, 8054, 8251, 8901, 9953]
  [48, 156, 355, 853, 1084, 4606, 5834, 8997, 9574]
  [638, 900, 1360, 2798, 3053, 3449, 5694, 6962, 8376]

Utility Matrix:
  [34, 711, 988, 1990, 2482, 4333, 4484, 8868, 9830]
  [2153, 3673, 3940, 4700, 4817, 6719, 7889, 9578, 9806]
  [3591, 5370, 5535, 6673, 7070, 7903, 8020, 8780, 9962]
  [740, 1285, 4778, 5366, 6812, 8253, 9424, 9493, 9967]

Utility Matrix:
  [121, 721, 4126, 4445, 5329, 7411, 9605, 9624, 9729]
  [722, 1355, 2445, 3148, 3330, 3625, 3637, 4043, 8945]
  [382, 596, 4009, 4655, 5482, 7752, 7831, 8504, 8725]
  [8, 234, 1658, 1836, 3658, 3797, 6344, 6932, 9668]

Utility Matrix:
  [178, 963, 1294, 1902, 2875, 3416, 3490, 6368, 8551, 9789]
  [1204, 2151, 2371, 2638, 3689, 4419, 6402, 7593, 9393, 9561]
  [727, 3818, 4837, 6460, 6724, 6948, 7573, 8358, 8400, 8588]
  [800, 1601, 2165, 3968, 5106, 5246, 5604, 6358, 6682, 9337]

Utility Matrix:
  [145, 320, 764, 1062, 3265, 3463, 3873, 5546, 8493, 9121]
  [1959, 2800, 3817, 5159, 5390, 6572, 6838, 8402, 9714, 9802]
  [1355, 2455, 3254, 4211, 4480, 5027, 5265, 7622, 7988, 9433]
  [633, 1412, 1733, 2133, 4365, 5606, 6586, 7240, 7290, 9596]

Utility Matrix:
  [156, 916, 2549, 3530, 3708, 6258, 6724, 7508, 8494, 9301]
  [14, 182, 906, 1775, 3155, 3732, 4171, 6132, 7196, 7575]
  [615, 1603, 2518, 2907, 3302, 6490, 8182, 8258, 9204, 9674]
  [970, 3126, 3445, 4044, 4882, 5843, 6586, 7640, 9295, 9633]

Utility Matrix:
  [125, 697, 4041, 4168, 4545, 7092, 7427, 8005, 8154, 9979]
  [580, 670, 1645, 2077, 6525, 7561, 7613, 8544, 8710, 9912]
  [624, 1630, 3102, 3602, 6153, 6452, 6816, 7890, 9696, 9899]
  [467, 1733, 1889, 3276, 3776, 4724, 4928, 5779, 8401, 8473]

Utility Matrix:
  [112, 426, 2202, 3028, 3136, 4413, 4730, 4746, 8839, 9491]
  [560, 1615, 5118, 6156, 7371, 8021, 8692, 8931, 9735, 9853]
  [456, 1133, 1617, 5534, 6053, 6536, 7463, 8050, 8395, 8971]
  [322, 2659, 4341, 4450, 4864, 5056, 6255, 6321, 7275, 7679]

Utility Matrix:
  [696, 1388, 4854, 5328, 6573, 6824, 7134, 8936, 9902, 9946]
  [749, 1539, 1569, 1682, 2234, 3163, 5258, 5704, 6890, 8327]
  [697, 2579, 4179, 4322, 4449, 5045, 5701, 7024, 7483, 9602]
  [243, 1855, 2532, 2549, 2770, 3815, 4712, 6847, 7418, 8482]

Utility Matrix:
  [349, 615, 643, 1501, 1605, 3080, 4933, 6242, 8733, 9601]
  [208, 492, 3044, 4934, 5095, 6346, 6468, 6861, 9369, 9844]
  [621, 1785, 2468, 2765, 4279, 5990, 6223, 8015, 9029, 9982]
  [96, 848, 1477, 2348, 3428, 4682, 5852, 8037, 8598, 9311]
  [2074, 2110, 3058, 4458, 5867, 6526, 7830, 7969, 8069, 8533]

Utility Matrix:
  [2562, 3218, 4010, 4191, 4864, 4896, 6546, 7185, 9465, 9597]
  [275, 1444, 2268, 2998, 3020, 3049, 3674, 4648, 8428, 8651]
  [609, 1201, 3484, 4233, 4618, 5541, 6262, 6677, 6728, 8527]
  [354, 569, 1122, 3108, 4465, 5263, 8107, 8296, 8441, 9218]
  [531, 843, 1235, 2680, 4635, 5864, 6069, 8251, 9321, 9973]

Utility Matrix:
  [204, 1503, 2415, 3311, 5166, 5535, 7953, 8289, 9115, 9956]
  [1414, 3735, 4458, 5286, 6229, 7825, 8181, 8409, 8529, 9347]
  [271, 1816, 3886, 5035, 5210, 6764, 7820, 7834, 8160, 8390]
  [137, 996, 2200, 2388, 2563, 3585, 5491, 6704, 7382, 8257]
  [433, 734, 1428, 1982, 2269, 2817, 3365, 4896, 8529, 8849]

Utility Matrix:
  [415, 624, 647, 1049, 5222, 5690, 5939, 6208, 8664, 9169]
  [201, 1676, 1784, 2355, 2391, 3750, 4090, 5023, 7815, 8498]
  [129, 1222, 1354, 1429, 1560, 2047, 7599, 8001, 8420, 9382]
  [1553, 3438, 6941, 6960, 7606, 8031, 9119, 9277, 9520, 9739]
  [327, 416, 438, 713, 1728, 2719, 6040, 7060, 9336, 9558]

Utility Matrix:
  [87, 170, 1499, 2059, 3103, 3298, 5351, 8052, 9115, 9267]
  [1457, 1746, 3303, 4252, 4643, 4940, 6295, 9306, 9711, 9819]
  [16, 897, 1836, 2340, 3376, 3440, 5609, 5771, 7194, 8294]
  [663, 1988, 2550, 4777, 6250, 7223, 7645, 8116, 9017, 9460]
  [890, 1146, 1748, 2949, 4524, 5049, 5990, 8136, 8751, 9537]

Utility Matrix:
  [600, 1087, 2457, 2934, 3314, 4015, 6161, 7698, 7944, 8598]
  [35, 601, 1995, 4044, 4353, 4866, 5457, 6568, 6871, 8261]
  [489, 844, 1701, 1811, 2998, 4392, 4469, 4710, 5041, 6122]
  [158, 2418, 2768, 4553, 6472, 7336, 8571, 9875, 9929, 9979]
  [648, 811, 892, 1392, 3418, 5602, 6881, 7558, 8938, 9904]

Utility Matrix:
  [414, 663, 2762, 4257, 5609, 6129, 6380, 7080, 7950, 8697]
  [911, 922, 1637, 3030, 4302, 4422, 4943, 5147, 6904, 9414]
  [425, 913, 1271, 4418, 4467, 5134, 6257, 7090, 7146, 9826]
  [58, 1003, 1605, 2016, 2739, 2839, 3399, 7878, 8364, 9973]
  [431, 1366, 2723, 2830, 3183, 3216, 3672, 3918, 7178, 7207]

Utility Matrix:
  [131, 1284, 2686, 4497, 6049, 7827, 8201, 8641, 9397, 9546]
  [1391, 1551, 3916, 4392, 4490, 5116, 5273, 6528, 7269, 8974]
  [621, 1025, 1638, 2775, 4337, 6443, 7361, 7714, 8460, 9994]
  [283, 1770, 2179, 4104, 5638, 5697, 6077, 7076, 8105, 9183]
  [508, 2128, 2212, 3792, 4277, 4289, 4644, 4788, 6338, 8677]

Utility Matrix:
  [1408, 2199, 2659, 2724, 3112, 4316, 5850, 5916, 6231, 9225]
  [1113, 1713, 3804, 4102, 6697, 7634, 7730, 8489, 8601, 9350]
  [664, 1051, 2258, 3134, 3936, 4412, 4760, 4996, 5434, 6757]
  [242, 471, 766, 780, 2512, 3397, 5276, 8350, 8862, 9644]
  [663, 1000, 4721, 4825, 5874, 6220, 6567, 7250, 9537, 9709]

Utility Matrix:
  [91, 233, 541, 719, 1205, 1272, 3330, 8078, 8165, 9269]
  [358, 1046, 1771, 2130, 4814, 5192, 6891, 8447, 8726, 9565]
  [2175, 2421, 2680, 2743, 3626, 4033, 4248, 4252, 4332, 5065]
  [2233, 2814, 3597, 4029, 4399, 6321, 7139, 9078, 9102, 9326]
  [1485, 2476, 2953, 3020, 3104, 4549, 4677, 5925, 6061, 7045]

Utility Matrix:
  [1797, 1830, 3346, 4758, 5046, 6737, 7103, 7372, 8419, 9928]
  [127, 306, 3781, 4924, 5108, 5980, 6854, 7032, 8694, 9580]
  [342, 495, 872, 1083, 1900, 2728, 3325, 5503, 9251, 9561]
  [1264, 1616, 1685, 2860, 7342, 8043, 8441, 8652, 8990, 9158]
  [17, 1648, 2047, 4564, 5800, 6259, 6943, 7461, 7895, 8216]
