=== COMPETITIVE MATRIX ANALYSIS ===

Competitive Matrix 1:
  [19, 1, 73, 91, 54, 59, 38, 25, 58, 23, 25]
  [30, 4, 92, 4, 31, 29, 49, 48, 43, 35, 40]
  [11, 15, 88, 30, 44, 40, 34, 40, 38, 58, 52]
  ICI: 0.1942
  ASI: 0.0011
  TVA: 0.3271
  H-score: 0.5436
  Item-wise Gini: [0.238, 0.458, 0.081, 0.455, 0.090, 0.128, 0.109, 0.166, 0.085, 0.200, 0.154]
  Max pairwise normalized dot product: 0.945

Competitive Matrix 2:
  [92, 81, 81, 72, 29, 40, 47, 31, 51, 51, 37]
  [5, 84, 19, 95, 23, 21, 60, 42, 53, 45, 30]
  [3, 77, 20, 2, 28, 40, 31, 49, 39, 35, 45]
  ICI: 0.1794
  ASI: 0.0034
  TVA: 0.2458
  H-score: 0.4939
  Item-wise Gini: [0.561, 0.098, 0.272, 0.401, 0.111, 0.197, 0.114, 0.202, 0.062, 0.028, 0.167]
  Max pairwise normalized dot product: 0.821

Competitive Matrix 3:
  [97, 85, 21, 76, 45, 24, 22, 53, 29, 56, 22]
  [91, 75, 25, 1, 46, 58, 32, 53, 59, 41, 58]
  [78, 18, 13, 89, 22, 51, 51, 32, 26, 24, 21]
  ICI: 0.1817
  ASI: 0.0008
  TVA: 0.2180
  H-score: 0.4161
  Item-wise Gini: [0.018, 0.230, 0.090, 0.390, 0.101, 0.183, 0.237, 0.060, 0.162, 0.138, 0.222]
  Max pairwise normalized dot product: 0.860

Competitive Matrix 4:
  [8, 87, 85, 10, 44, 33, 59, 35, 58, 54, 33]
  [1, 98, 72, 15, 32, 59, 50, 23, 52, 32, 27]
  [18, 1, 3, 9, 25, 48, 59, 42, 57, 36, 55]
  ICI: 0.1768
  ASI: 0.0008
  TVA: 0.2300
  H-score: 0.4235
  Item-wise Gini: [0.472, 0.361, 0.320, 0.109, 0.051, 0.143, 0.100, 0.193, 0.083, 0.089, 0.232]
  Max pairwise normalized dot product: 0.967

Competitive Matrix 5:
  [8, 9, 77, 70, 24, 40, 44, 44, 30, 28, 31]
  [21, 87, 72, 97, 49, 58, 58, 25, 50, 53, 52]
  [26, 21, 78, 26, 24, 22, 32, 38, 46, 30, 54]
  ICI: 0.1739
  ASI: 0.0018
  TVA: 0.2719
  H-score: 0.4825
  Item-wise Gini: [0.256, 0.365, 0.107, 0.182, 0.066, 0.117, 0.066, 0.187, 0.103, 0.047, 0.134]
  Max pairwise normalized dot product: 0.902

Competitive Matrix 6:
  [84, 30, 15, 6, 36, 42, 35, 41, 43, 53, 46]
  [23, 26, 13, 93, 47, 39, 38, 52, 27, 33, 41]
  [17, 93, 15, 24, 34, 44, 32, 57, 42, 27, 21]
  ICI: 0.1614
  ASI: 0.0003
  TVA: 0.2819
  H-score: 0.4499
  Item-wise Gini: [0.352, 0.314, 0.045, 0.466, 0.061, 0.041, 0.025, 0.085, 0.103, 0.142, 0.145]
  Max pairwise normalized dot product: 0.754

Competitive Matrix 7:
  [1, 10, 29, 11, 58, 50, 31, 59, 54, 27, 47]
  [8, 24, 30, 18, 51, 34, 49, 55, 59, 53, 40]
  [76, 1, 27, 26, 38, 31, 26, 43, 32, 33, 37]
  ICI: 0.1796
  ASI: 0.0016
  TVA: 0.3005
  H-score: 0.5121
  Item-wise Gini: [0.595, 0.420, 0.017, 0.193, 0.090, 0.116, 0.114, 0.067, 0.102, 0.126, 0.062]
  Max pairwise normalized dot product: 0.954

Competitive Matrix 8:
  [22, 94, 74, 2, 36, 27, 47, 20, 38, 31, 43]
  [86, 82, 73, 13, 58, 50, 57, 24, 47, 57, 40]
  [93, 89, 10, 10, 38, 47, 60, 33, 29, 37, 34]
  ICI: 0.1387
  ASI: 0.0024
  TVA: 0.1557
  H-score: 0.3418
  Item-wise Gini: [0.244, 0.095, 0.316, 0.246, 0.050, 0.097, 0.056, 0.119, 0.079, 0.070, 0.087]
  Max pairwise normalized dot product: 0.925

Competitive Matrix 9:
  [89, 98, 26, 28, 36, 37, 42, 38, 50, 38, 28]
  [78, 75, 9, 19, 20, 52, 43, 49, 21, 43, 34]
  [16, 98, 23, 88, 37, 56, 56, 43, 50, 57, 37]
  ICI: 0.1366
  ASI: 0.0006
  TVA: 0.1546
  H-score: 0.3032
  Item-wise Gini: [0.259, 0.028, 0.182, 0.298, 0.093, 0.103, 0.042, 0.092, 0.144, 0.066, 0.074]
  Max pairwise normalized dot product: 0.960

Competitive Matrix 10:
  [88, 71, 13, 77, 42, 20, 59, 34, 55, 50, 60]
  [27, 26, 74, 1, 50, 31, 31, 47, 47, 36, 28]
  [19, 74, 19, 12, 45, 25, 24, 39, 27, 39, 54]
  ICI: 0.2054
  ASI: 0.0002
  TVA: 0.3386
  H-score: 0.5477
  Item-wise Gini: [0.255, 0.226, 0.419, 0.522, 0.108, 0.159, 0.109, 0.138, 0.108, 0.037, 0.152]
  Max pairwise normalized dot product: 0.837

Competitive Matrix 11:
  [9, 1, 97, 94, 38, 51, 28, 56, 50, 34, 52]
  [91, 81, 88, 18, 32, 31, 55, 39, 54, 54, 28]
  [10, 80, 98, 13, 44, 45, 44, 26, 39, 39, 48]
  ICI: 0.1876
  ASI: 0.0011
  TVA: 0.2643
  H-score: 0.4733
  Item-wise Gini: [0.478, 0.352, 0.058, 0.433, 0.104, 0.123, 0.114, 0.162, 0.043, 0.077, 0.141]
  Max pairwise normalized dot product: 0.879

Competitive Matrix 12:
  [75, 99, 3, 82, 47, 54, 56, 43, 36, 49, 23]
  [17, 12, 22, 28, 56, 31, 28, 30, 21, 34, 52]
  [88, 79, 83, 19, 42, 40, 54, 49, 26, 49, 20]
  ICI: 0.2031
  ASI: 0.0004
  TVA: 0.2870
  H-score: 0.4979
  Item-wise Gini: [0.211, 0.260, 0.436, 0.278, 0.188, 0.057, 0.034, 0.039, 0.062, 0.039, 0.344]
  Max pairwise normalized dot product: 0.839

Competitive Matrix 13:
  [7, 88, 80, 87, 46, 45, 29, 45, 24, 46, 43]
  [93, 99, 88, 89, 22, 51, 24, 31, 48, 44, 28]
  [71, 92, 11, 20, 50, 44, 48, 57, 22, 50, 36]
  ICI: 0.1518
  ASI: 0.0000
  TVA: 0.1789
  H-score: 0.3312
  Item-wise Gini: [0.301, 0.030, 0.269, 0.234, 0.194, 0.014, 0.201, 0.171, 0.136, 0.074, 0.116]
  Max pairwise normalized dot product: 0.889

Competitive Matrix 14:
  [90, 76, 76, 5, 48, 27, 49, 58, 50, 42, 21]
  [82, 26, 87, 15, 44, 48, 29, 39, 40, 39, 52]
  [90, 20, 12, 25, 57, 23, 33, 60, 36, 40, 25]
  ICI: 0.1498
  ASI: 0.0005
  TVA: 0.2642
  H-score: 0.4238
  Item-wise Gini: [0.061, 0.258, 0.283, 0.339, 0.102, 0.153, 0.096, 0.132, 0.032, 0.047, 0.215]
  Max pairwise normalized dot product: 0.920

Competitive Matrix 15:
  [1, 89, 19, 74, 37, 57, 41, 46, 32, 50, 47]
  [2, 3, 3, 92, 52, 23, 39, 20, 49, 26, 48]
  [99, 1, 21, 95, 35, 59, 22, 34, 46, 31, 49]
  ICI: 0.2194
  ASI: 0.0039
  TVA: 0.2879
  H-score: 0.5859
  Item-wise Gini: [0.636, 0.623, 0.255, 0.119, 0.170, 0.123, 0.181, 0.114, 0.163, 0.108, 0.079]
  Max pairwise normalized dot product: 0.787

Competitive Matrix 16:
  [88, 97, 15, 82, 21, 45, 31, 44, 45, 59, 51]
  [10, 75, 5, 79, 50, 29, 48, 31, 30, 23, 44]
  [73, 82, 71, 87, 55, 30, 55, 45, 20, 42, 40]
  ICI: 0.1609
  ASI: 0.0021
  TVA: 0.2276
  H-score: 0.4304
  Item-wise Gini: [0.288, 0.056, 0.455, 0.063, 0.221, 0.095, 0.154, 0.009, 0.163, 0.141, 0.096]
  Max pairwise normalized dot product: 0.912

Competitive Matrix 17:
  [83, 94, 19, 30, 26, 39, 59, 40, 55, 39, 20]
  [28, 92, 15, 18, 51, 28, 53, 21, 60, 25, 22]
  [72, 22, 5, 3, 24, 46, 57, 29, 29, 43, 24]
  ICI: 0.1608
  ASI: 0.0007
  TVA: 0.1796
  H-score: 0.3535
  Item-wise Gini: [0.207, 0.227, 0.178, 0.305, 0.197, 0.151, 0.072, 0.098, 0.126, 0.157, 0.117]
  Max pairwise normalized dot product: 0.921

Competitive Matrix 18:
  [84, 79, 15, 81, 25, 20, 23, 58, 46, 45, 35]
  [84, 26, 79, 25, 30, 43, 57, 21, 28, 55, 59]
  [4, 99, 17, 20, 29, 55, 53, 33, 43, 51, 22]
  ICI: 0.2039
  ASI: 0.0012
  TVA: 0.2705
  H-score: 0.4985
  Item-wise Gini: [0.307, 0.275, 0.375, 0.292, 0.072, 0.237, 0.188, 0.207, 0.124, 0.067, 0.182]
  Max pairwise normalized dot product: 0.760

Competitive Matrix 19:
  [95, 7, 89, 17, 48, 29, 36, 32, 57, 46, 40]
  [79, 14, 90, 13, 34, 44, 30, 44, 34, 35, 40]
  [24, 9, 7, 19, 28, 36, 28, 48, 48, 38, 32]
  ICI: 0.1226
  ASI: 0.0005
  TVA: 0.1543
  H-score: 0.2879
  Item-wise Gini: [0.175, 0.151, 0.293, 0.171, 0.057, 0.137, 0.067, 0.186, 0.151, 0.100, 0.050]
  Max pairwise normalized dot product: 0.975

Competitive Matrix 20:
  [75, 7, 70, 1, 35, 56, 59, 55, 38, 27, 23]
  [84, 15, 11, 16, 44, 39, 37, 59, 34, 38, 29]
  [71, 18, 92, 80, 41, 53, 49, 40, 33, 46, 52]
  ICI: 0.1562
  ASI: 0.0022
  TVA: 0.2176
  H-score: 0.4186
  Item-wise Gini: [0.112, 0.169, 0.258, 0.505, 0.096, 0.071, 0.102, 0.149, 0.082, 0.094, 0.121]
  Max pairwise normalized dot product: 0.893

Competitive Matrix 21:
  [13, 72, 17, 85, 44, 52, 41, 41, 47, 49, 53]
  [78, 23, 5, 77, 37, 53, 56, 23, 49, 58, 43]
  [90, 70, 84, 87, 29, 47, 33, 36, 45, 32, 29]
  ICI: 0.1484
  ASI: 0.0002
  TVA: 0.1758
  H-score: 0.3292
  Item-wise Gini: [0.259, 0.205, 0.478, 0.023, 0.114, 0.058, 0.147, 0.121, 0.051, 0.152, 0.149]
  Max pairwise normalized dot product: 0.865

Competitive Matrix 22:
  [97, 21, 81, 20, 49, 30, 28, 31, 29, 44, 58]
  [28, 16, 9, 91, 20, 35, 40, 42, 39, 32, 59]
  [83, 21, 78, 78, 47, 38, 37, 56, 44, 53, 55]
  ICI: 0.1320
  ASI: 0.0023
  TVA: 0.0972
  H-score: 0.2748
  Item-wise Gini: [0.214, 0.042, 0.300, 0.305, 0.151, 0.075, 0.122, 0.099, 0.103, 0.032, 0.094]
  Max pairwise normalized dot product: 0.933

Competitive Matrix 23:
  [91, 10, 98, 83, 30, 34, 55, 53, 45, 26, 29]
  [73, 5, 93, 13, 55, 30, 41, 45, 30, 47, 46]
  [74, 92, 92, 6, 25, 52, 29, 44, 44, 42, 27]
  ICI: 0.1754
  ASI: 0.0000
  TVA: 0.3343
  H-score: 0.5097
  Item-wise Gini: [0.035, 0.539, 0.024, 0.490, 0.208, 0.112, 0.123, 0.030, 0.061, 0.152, 0.150]
  Max pairwise normalized dot product: 0.897

Competitive Matrix 24:
  [14, 23, 82, 25, 34, 37, 41, 53, 32, 38, 44]
  [6, 17, 75, 28, 35, 38, 27, 53, 27, 52, 41]
  [79, 73, 30, 98, 41, 23, 42, 35, 34, 27, 44]
  ICI: 0.1689
  ASI: 0.0003
  TVA: 0.2574
  H-score: 0.4325
  Item-wise Gini: [0.454, 0.272, 0.208, 0.269, 0.026, 0.152, 0.080, 0.136, 0.035, 0.194, 0.047]
  Max pairwise normalized dot product: 0.985

Competitive Matrix 25:
  [11, 92, 73, 15, 60, 36, 42, 21, 49, 60, 31]
  [70, 93, 77, 5, 52, 58, 34, 30, 20, 41, 46]
  [20, 20, 100, 1, 36, 45, 35, 49, 40, 25, 49]
  ICI: 0.1863
  ASI: 0.0001
  TVA: 0.2814
  H-score: 0.4705
  Item-wise Gini: [0.363, 0.227, 0.115, 0.443, 0.080, 0.084, 0.060, 0.227, 0.177, 0.161, 0.133]
  Max pairwise normalized dot product: 0.906

Competitive Matrix 26:
  [15, 30, 8, 28, 48, 28, 49, 27, 40, 40, 43]
  [95, 95, 27, 24, 60, 22, 59, 33, 22, 59, 54]
  [81, 93, 18, 84, 51, 41, 60, 46, 43, 43, 35]
  ICI: 0.1529
  ASI: 0.0009
  TVA: 0.2254
  H-score: 0.3963
  Item-wise Gini: [0.248, 0.143, 0.174, 0.247, 0.099, 0.137, 0.071, 0.054, 0.215, 0.092, 0.149]
  Max pairwise normalized dot product: 0.924

Competitive Matrix 27:
  [28, 79, 14, 82, 29, 25, 52, 31, 45, 48, 57]
  [83, 89, 81, 11, 36, 46, 52, 25, 54, 32, 33]
  [25, 73, 81, 71, 39, 22, 38, 54, 31, 51, 60]
  ICI: 0.1530
  ASI: 0.0005
  TVA: 0.1949
  H-score: 0.3588
  Item-wise Gini: [0.279, 0.044, 0.247, 0.308, 0.042, 0.168, 0.089, 0.169, 0.115, 0.104, 0.129]
  Max pairwise normalized dot product: 0.904

Competitive Matrix 28:
  [92, 92, 16, 91, 28, 34, 40, 38, 53, 26, 33]
  [85, 100, 5, 80, 46, 53, 22, 30, 34, 20, 37]
  [71, 87, 77, 18, 38, 52, 37, 55, 59, 40, 51]
  ICI: 0.1507
  ASI: 0.0035
  TVA: 0.2157
  H-score: 0.4364
  Item-wise Gini: [0.070, 0.060, 0.475, 0.257, 0.124, 0.107, 0.114, 0.106, 0.087, 0.126, 0.080]
  Max pairwise normalized dot product: 0.973

Competitive Matrix 29:
  [8, 89, 90, 29, 59, 20, 43, 41, 59, 25, 33]
  [30, 93, 28, 15, 37, 26, 47, 25, 23, 27, 24]
  [75, 78, 83, 78, 44, 27, 23, 54, 43, 39, 40]
  ICI: 0.1691
  ASI: 0.0015
  TVA: 0.2473
  H-score: 0.4472
  Item-wise Gini: [0.333, 0.136, 0.179, 0.269, 0.099, 0.124, 0.228, 0.071, 0.151, 0.076, 0.015]
  Max pairwise normalized dot product: 0.888

Competitive Matrix 30:
  [86, 24, 79, 83, 53, 24, 21, 38, 42, 37, 28]
  [11, 83, 73, 86, 28, 58, 59, 52, 44, 41, 60]
  [7, 28, 30, 22, 41, 49, 59, 51, 38, 32, 60]
  ICI: 0.1809
  ASI: 0.0005
  TVA: 0.1990
  H-score: 0.3907
  Item-wise Gini: [0.495, 0.245, 0.156, 0.202, 0.150, 0.181, 0.239, 0.114, 0.046, 0.024, 0.200]
  Max pairwise normalized dot product: 0.884

Competitive Matrix 31:
  [73, 13, 81, 19, 46, 45, 32, 44, 41, 43, 46]
  [78, 93, 86, 87, 44, 49, 27, 58, 25, 39, 48]
  [7, 95, 12, 27, 25, 48, 45, 47, 24, 52, 36]
  ICI: 0.1599
  ASI: 0.0018
  TVA: 0.1800
  H-score: 0.3758
  Item-wise Gini: [0.308, 0.333, 0.279, 0.271, 0.105, 0.088, 0.200, 0.048, 0.167, 0.152, 0.051]
  Max pairwise normalized dot product: 0.858

Competitive Matrix 32:
  [70, 29, 98, 75, 46, 49, 51, 60, 48, 45, 39]
  [97, 90, 97, 8, 24, 29, 25, 29, 50, 56, 56]
  [89, 80, 16, 92, 30, 42, 29, 31, 47, 40, 51]
  ICI: 0.1469
  ASI: 0.0039
  TVA: 0.1927
  H-score: 0.4171
  Item-wise Gini: [0.086, 0.212, 0.264, 0.336, 0.126, 0.091, 0.144, 0.150, 0.027, 0.072, 0.093]
  Max pairwise normalized dot product: 0.844

Competitive Matrix 33:
  [87, 71, 96, 78, 40, 46, 59, 39, 53, 22, 55]
  [75, 84, 80, 15, 31, 53, 48, 26, 48, 43, 31]
  [84, 81, 91, 6, 56, 27, 37, 50, 49, 60, 37]
  ICI: 0.1326
  ASI: 0.0006
  TVA: 0.2218
  H-score: 0.3669
  Item-wise Gini: [0.017, 0.078, 0.013, 0.462, 0.119, 0.161, 0.074, 0.129, 0.020, 0.213, 0.087]
  Max pairwise normalized dot product: 0.965

Competitive Matrix 34:
  [4, 81, 82, 91, 21, 54, 26, 35, 53, 30, 39]
  [12, 77, 93, 95, 46, 20, 58, 45, 29, 38, 41]
  [7, 20, 70, 26, 22, 24, 54, 39, 45, 43, 22]
  ICI: 0.1543
  ASI: 0.0003
  TVA: 0.2020
  H-score: 0.3615
  Item-wise Gini: [0.192, 0.197, 0.038, 0.170, 0.154, 0.223, 0.210, 0.097, 0.166, 0.158, 0.053]
  Max pairwise normalized dot product: 0.946

Competitive Matrix 35:
  [100, 11, 76, 16, 39, 25, 39, 22, 57, 55, 51]
  [93, 29, 96, 25, 48, 36, 34, 49, 54, 42, 45]
  [26, 95, 96, 4, 22, 27, 24, 35, 36, 57, 29]
  ICI: 0.1631
  ASI: 0.0026
  TVA: 0.1983
  H-score: 0.4143
  Item-wise Gini: [0.226, 0.439, 0.071, 0.280, 0.119, 0.055, 0.090, 0.139, 0.082, 0.106, 0.106]
  Max pairwise normalized dot product: 0.970

Competitive Matrix 36:
  [24, 94, 79, 94, 58, 34, 27, 41, 27, 33, 55]
  [10, 93, 15, 91, 30, 59, 46, 52, 32, 21, 54]
  [72, 99, 13, 18, 35, 23, 27, 34, 21, 33, 39]
  ICI: 0.1727
  ASI: 0.0006
  TVA: 0.2890
  H-score: 0.4738
  Item-wise Gini: [0.435, 0.083, 0.364, 0.235, 0.116, 0.177, 0.143, 0.080, 0.065, 0.141, 0.029]
  Max pairwise normalized dot product: 0.908

Competitive Matrix 37:
  [76, 11, 24, 97, 22, 47, 40, 45, 22, 38, 32]
  [2, 25, 90, 77, 48, 25, 21, 45, 46, 33, 36]
  [78, 71, 1, 24, 49, 53, 24, 46, 43, 45, 60]
  ICI: 0.2067
  ASI: 0.0007
  TVA: 0.2536
  H-score: 0.4739
  Item-wise Gini: [0.329, 0.356, 0.518, 0.254, 0.154, 0.129, 0.150, 0.017, 0.152, 0.047, 0.125]
  Max pairwise normalized dot product: 0.775

Competitive Matrix 38:
  [27, 82, 71, 99, 32, 47, 27, 20, 56, 30, 53]
  [70, 86, 78, 82, 53, 21, 28, 36, 59, 58, 51]
  [89, 96, 25, 6, 28, 59, 47, 34, 21, 27, 57]
  ICI: 0.1617
  ASI: 0.0027
  TVA: 0.2038
  H-score: 0.4202
  Item-wise Gini: [0.256, 0.080, 0.172, 0.347, 0.093, 0.241, 0.179, 0.133, 0.166, 0.125, 0.078]
  Max pairwise normalized dot product: 0.944

Competitive Matrix 39:
  [91, 15, 97, 94, 23, 51, 34, 42, 41, 51, 34]
  [7, 78, 77, 20, 50, 44, 26, 47, 43, 49, 50]
  [75, 14, 30, 23, 59, 49, 30, 43, 33, 52, 28]
  ICI: 0.1638
  ASI: 0.0005
  TVA: 0.2478
  H-score: 0.4207
  Item-wise Gini: [0.305, 0.407, 0.170, 0.319, 0.229, 0.054, 0.058, 0.063, 0.045, 0.065, 0.126]
  Max pairwise normalized dot product: 0.849

Competitive Matrix 40:
  [8, 71, 92, 24, 51, 33, 46, 38, 43, 21, 44]
  [78, 97, 100, 83, 34, 29, 44, 40, 50, 40, 55]
  [27, 92, 82, 79, 36, 45, 21, 26, 52, 40, 42]
  ICI: 0.1269
  ASI: 0.0005
  TVA: 0.1569
  H-score: 0.2932
  Item-wise Gini: [0.368, 0.029, 0.059, 0.195, 0.164, 0.130, 0.192, 0.115, 0.048, 0.108, 0.042]
  Max pairwise normalized dot product: 0.959

Competitive Matrix 41:
  [9, 23, 76, 76, 47, 39, 60, 28, 50, 34, 60]
  [94, 92, 76, 82, 33, 35, 28, 27, 45, 34, 34]
  [71, 4, 79, 86, 40, 32, 50, 34, 49, 37, 42]
  ICI: 0.1230
  ASI: 0.0000
  TVA: 0.1886
  H-score: 0.3117
  Item-wise Gini: [0.305, 0.475, 0.031, 0.033, 0.108, 0.058, 0.180, 0.073, 0.054, 0.041, 0.157]
  Max pairwise normalized dot product: 0.917

Competitive Matrix 42:
  [76, 90, 91, 20, 51, 60, 26, 39, 42, 37, 59]
  [11, 70, 81, 4, 29, 44, 31, 26, 48, 29, 56]
  [93, 12, 29, 85, 23, 44, 35, 36, 58, 59, 57]
  ICI: 0.1777
  ASI: 0.0011
  TVA: 0.2498
  H-score: 0.4499
  Item-wise Gini: [0.303, 0.277, 0.225, 0.494, 0.145, 0.046, 0.103, 0.025, 0.093, 0.134, 0.061]
  Max pairwise normalized dot product: 0.930

Competitive Matrix 43:
  [20, 27, 85, 5, 47, 45, 25, 37, 34, 45, 46]
  [9, 99, 76, 85, 39, 40, 52, 44, 37, 52, 32]
  [29, 73, 18, 86, 60, 47, 39, 49, 53, 51, 46]
  ICI: 0.1440
  ASI: 0.0011
  TVA: 0.1475
  H-score: 0.3132
  Item-wise Gini: [0.210, 0.197, 0.308, 0.302, 0.101, 0.094, 0.096, 0.029, 0.084, 0.037, 0.143]
  Max pairwise normalized dot product: 0.919

Competitive Matrix 44:
  [15, 19, 74, 70, 45, 30, 49, 60, 24, 32, 41]
  [95, 28, 25, 74, 58, 30, 52, 44, 33, 20, 40]
  [75, 30, 5, 98, 39, 46, 35, 53, 30, 31, 59]
  ICI: 0.1364
  ASI: 0.0001
  TVA: 0.2143
  H-score: 0.3534
  Item-wise Gini: [0.282, 0.078, 0.456, 0.064, 0.088, 0.097, 0.088, 0.087, 0.052, 0.115, 0.087]
  Max pairwise normalized dot product: 0.950

Competitive Matrix 45:
  [74, 27, 98, 77, 27, 60, 48, 54, 27, 41, 35]
  [90, 16, 85, 17, 50, 33, 52, 24, 58, 27, 50]
  [14, 77, 8, 97, 20, 38, 59, 31, 22, 51, 36]
  ICI: 0.2029
  ASI: 0.0020
  TVA: 0.3225
  H-score: 0.5657
  Item-wise Gini: [0.291, 0.369, 0.287, 0.313, 0.193, 0.104, 0.096, 0.149, 0.214, 0.164, 0.105]
  Max pairwise normalized dot product: 0.883

Competitive Matrix 46:
  [20, 82, 84, 15, 36, 46, 32, 41, 28, 44, 55]
  [8, 7, 27, 84, 52, 32, 25, 50, 38, 48, 44]
  [89, 23, 24, 11, 46, 44, 46, 58, 43, 30, 29]
  ICI: 0.2128
  ASI: 0.0003
  TVA: 0.3632
  H-score: 0.5819
  Item-wise Gini: [0.463, 0.427, 0.272, 0.458, 0.111, 0.055, 0.126, 0.091, 0.106, 0.116, 0.113]
  Max pairwise normalized dot product: 0.723

Competitive Matrix 47:
  [29, 92, 71, 6, 56, 41, 41, 58, 34, 45, 32]
  [78, 90, 2, 84, 32, 49, 42, 50, 25, 43, 40]
  [91, 80, 12, 97, 38, 37, 41, 56, 59, 38, 60]
  ICI: 0.1548
  ASI: 0.0003
  TVA: 0.2249
  H-score: 0.3848
  Item-wise Gini: [0.174, 0.070, 0.556, 0.299, 0.146, 0.088, 0.041, 0.051, 0.159, 0.077, 0.099]
  Max pairwise normalized dot product: 0.973

Competitive Matrix 48:
  [10, 89, 21, 99, 31, 37, 48, 22, 32, 41, 24]
  [20, 15, 80, 3, 53, 46, 59, 59, 27, 55, 53]
  [28, 16, 10, 15, 47, 27, 32, 23, 36, 34, 22]
  ICI: 0.2326
  ASI: 0.0023
  TVA: 0.4282
  H-score: 0.7063
  Item-wise Gini: [0.308, 0.386, 0.361, 0.511, 0.182, 0.040, 0.039, 0.203, 0.176, 0.055, 0.165]
  Max pairwise normalized dot product: 0.844

Competitive Matrix 49:
  [85, 28, 87, 12, 27, 37, 35, 25, 40, 43, 50]
  [14, 95, 73, 83, 22, 58, 39, 54, 21, 23, 36]
  [73, 26, 79, 91, 30, 22, 38, 36, 46, 28, 54]
  ICI: 0.1595
  ASI: 0.0005
  TVA: 0.2182
  H-score: 0.3874
  Item-wise Gini: [0.296, 0.304, 0.062, 0.275, 0.064, 0.200, 0.008, 0.150, 0.148, 0.166, 0.089]
  Max pairwise normalized dot product: 0.877

Competitive Matrix 50:
  [9, 95, 16, 83, 34, 37, 50, 45, 44, 59, 57]
  [98, 27, 90, 78, 52, 52, 29, 29, 59, 38, 30]
  [89, 82, 73, 11, 37, 34, 58, 43, 28, 46, 26]
  ICI: 0.1769
  ASI: 0.0001
  TVA: 0.1987
  H-score: 0.3782
  Item-wise Gini: [0.286, 0.233, 0.256, 0.291, 0.075, 0.074, 0.158, 0.109, 0.135, 0.117, 0.187]
  Max pairwise normalized dot product: 0.851

Competitive Matrix 51:
  [75, 9, 19, 99, 51, 58, 40, 29, 44, 48, 43]
  [92, 71, 17, 99, 54, 56, 56, 42, 51, 54, 22]
  [28, 89, 16, 72, 36, 33, 52, 22, 29, 26, 43]
  ICI: 0.1316
  ASI: 0.0004
  TVA: 0.1101
  H-score: 0.2503
  Item-wise Gini: [0.162, 0.365, 0.061, 0.040, 0.046, 0.093, 0.091, 0.073, 0.058, 0.097, 0.187]
  Max pairwise normalized dot product: 0.938

Competitive Matrix 52:
  [90, 75, 8, 5, 53, 27, 35, 25, 44, 48, 38]
  [83, 85, 28, 25, 31, 28, 33, 23, 39, 39, 59]
  [20, 79, 7, 87, 35, 20, 20, 30, 44, 54, 29]
  ICI: 0.1533
  ASI: 0.0015
  TVA: 0.2401
  H-score: 0.4232
  Item-wise Gini: [0.242, 0.023, 0.305, 0.480, 0.132, 0.053, 0.106, 0.084, 0.049, 0.094, 0.136]
  Max pairwise normalized dot product: 0.961

Competitive Matrix 53:
  [85, 22, 95, 85, 28, 20, 54, 60, 56, 27, 43]
  [19, 28, 26, 85, 42, 39, 20, 20, 43, 21, 30]
  [26, 10, 95, 82, 28, 40, 59, 43, 46, 43, 37]
  ICI: 0.1547
  ASI: 0.0001
  TVA: 0.2114
  H-score: 0.3675
  Item-wise Gini: [0.259, 0.278, 0.185, 0.099, 0.197, 0.213, 0.158, 0.139, 0.055, 0.133, 0.023]
  Max pairwise normalized dot product: 0.936

Competitive Matrix 54:
  [99, 19, 96, 24, 55, 21, 35, 35, 23, 45, 56]
  [77, 16, 21, 24, 57, 51, 23, 42, 35, 36, 34]
  [92, 87, 1, 6, 42, 34, 35, 34, 58, 45, 24]
  ICI: 0.1841
  ASI: 0.0021
  TVA: 0.2689
  H-score: 0.4951
  Item-wise Gini: [0.018, 0.383, 0.515, 0.252, 0.090, 0.227, 0.070, 0.088, 0.212, 0.029, 0.158]
  Max pairwise normalized dot product: 0.871

Competitive Matrix 55:
  [81, 91, 74, 4, 46, 20, 50, 24, 25, 27, 47]
  [18, 27, 100, 89, 41, 26, 37, 49, 45, 29, 52]
  [84, 27, 16, 5, 55, 26, 29, 31, 36, 36, 24]
  ICI: 0.1957
  ASI: 0.0005
  TVA: 0.2931
  H-score: 0.4994
  Item-wise Gini: [0.300, 0.285, 0.259, 0.565, 0.143, 0.122, 0.079, 0.135, 0.131, 0.135, 0.092]
  Max pairwise normalized dot product: 0.842

Competitive Matrix 56:
  [1, 15, 89, 6, 60, 23, 39, 46, 28, 21, 60]
  [79, 8, 1, 16, 39, 46, 39, 46, 33, 51, 25]
  [88, 84, 23, 74, 49, 54, 32, 24, 38, 43, 41]
  ICI: 0.2426
  ASI: 0.0043
  TVA: 0.3078
  H-score: 0.6361
  Item-wise Gini: [0.368, 0.414, 0.552, 0.414, 0.126, 0.146, 0.112, 0.181, 0.050, 0.198, 0.202]
  Max pairwise normalized dot product: 0.823

Competitive Matrix 57:
  [15, 83, 9, 10, 52, 51, 58, 57, 56, 39, 51]
  [13, 78, 86, 95, 57, 44, 20, 32, 35, 27, 45]
  [76, 3, 99, 73, 52, 57, 39, 54, 46, 54, 38]
  ICI: 0.1895
  ASI: 0.0008
  TVA: 0.2157
  H-score: 0.4216
  Item-wise Gini: [0.377, 0.344, 0.285, 0.326, 0.044, 0.055, 0.247, 0.144, 0.130, 0.121, 0.109]
  Max pairwise normalized dot product: 0.830

Competitive Matrix 58:
  [21, 12, 25, 84, 38, 32, 56, 24, 43, 54, 27]
  [72, 86, 12, 10, 33, 57, 48, 35, 49, 52, 51]
  [17, 1, 73, 25, 39, 22, 47, 37, 47, 22, 35]
  ICI: 0.2185
  ASI: 0.0002
  TVA: 0.3619
  H-score: 0.5850
  Item-wise Gini: [0.267, 0.553, 0.414, 0.418, 0.105, 0.140, 0.074, 0.128, 0.064, 0.158, 0.092]
  Max pairwise normalized dot product: 0.799

Competitive Matrix 59:
  [6, 4, 21, 76, 51, 35, 41, 42, 56, 50, 22]
  [3, 88, 83, 12, 30, 47, 20, 40, 26, 41, 52]
  [100, 2, 70, 85, 54, 43, 40, 27, 31, 58, 30]
  ICI: 0.2346
  ASI: 0.0004
  TVA: 0.3070
  H-score: 0.5492
  Item-wise Gini: [0.575, 0.612, 0.245, 0.288, 0.132, 0.065, 0.170, 0.147, 0.212, 0.064, 0.185]
  Max pairwise normalized dot product: 0.802

Competitive Matrix 60:
  [73, 9, 11, 70, 22, 33, 43, 48, 28, 46, 60]
  [71, 90, 73, 5, 36, 36, 53, 40, 24, 24, 48]
  [97, 81, 73, 12, 44, 38, 25, 60, 55, 29, 25]
  ICI: 0.1881
  ASI: 0.0000
  TVA: 0.2600
  H-score: 0.4481
  Item-wise Gini: [0.052, 0.304, 0.264, 0.519, 0.105, 0.012, 0.159, 0.070, 0.169, 0.181, 0.214]
  Max pairwise normalized dot product: 0.945

Competitive Matrix 61:
  [77, 70, 26, 93, 47, 27, 40, 59, 23, 35, 49]
  [82, 23, 17, 8, 48, 53, 40, 54, 27, 23, 52]
  [94, 96, 73, 73, 53, 33, 40, 51, 36, 39, 43]
  ICI: 0.1286
  ASI: 0.0012
  TVA: 0.2022
  H-score: 0.3542
  Item-wise Gini: [0.071, 0.196, 0.249, 0.332, 0.067, 0.220, 0.088, 0.096, 0.087, 0.038, 0.128]
  Max pairwise normalized dot product: 0.954

Competitive Matrix 62:
  [80, 18, 94, 71, 43, 41, 47, 42, 47, 21, 33]
  [9, 20, 84, 81, 34, 53, 55, 35, 26, 58, 53]
  [94, 74, 26, 21, 24, 39, 42, 49, 44, 50, 24]
  ICI: 0.1739
  ASI: 0.0001
  TVA: 0.2192
  H-score: 0.3953
  Item-wise Gini: [0.325, 0.351, 0.206, 0.232, 0.105, 0.072, 0.052, 0.085, 0.114, 0.196, 0.171]
  Max pairwise normalized dot product: 0.873

Competitive Matrix 63:
  [78, 70, 6, 29, 53, 20, 44, 38, 37, 57, 48]
  [19, 13, 90, 5, 46, 30, 50, 25, 26, 39, 58]
  [16, 29, 70, 30, 26, 42, 28, 48, 47, 41, 46]
  ICI: 0.1938
  ASI: 0.0034
  TVA: 0.2736
  H-score: 0.5363
  Item-wise Gini: [0.336, 0.306, 0.351, 0.271, 0.124, 0.178, 0.138, 0.134, 0.122, 0.046, 0.084]
  Max pairwise normalized dot product: 0.913

Competitive Matrix 64:
  [73, 97, 21, 6, 38, 52, 50, 26, 50, 43, 31]
  [78, 27, 3, 99, 21, 49, 52, 60, 35, 30, 28]
  [7, 6, 92, 90, 36, 58, 60, 44, 32, 44, 20]
  ICI: 0.2039
  ASI: 0.0005
  TVA: 0.2385
  H-score: 0.4528
  Item-wise Gini: [0.302, 0.466, 0.511, 0.320, 0.118, 0.035, 0.040, 0.177, 0.103, 0.077, 0.093]
  Max pairwise normalized dot product: 0.756

Competitive Matrix 65:
  [71, 91, 26, 15, 53, 23, 26, 39, 37, 49, 24]
  [22, 75, 71, 83, 27, 51, 34, 29, 57, 40, 44]
  [30, 92, 72, 85, 48, 28, 39, 60, 59, 22, 51]
  ICI: 0.1566
  ASI: 0.0007
  TVA: 0.1822
  H-score: 0.3518
  Item-wise Gini: [0.308, 0.080, 0.162, 0.245, 0.177, 0.165, 0.033, 0.132, 0.059, 0.213, 0.102]
  Max pairwise normalized dot product: 0.964

Competitive Matrix 66:
  [29, 100, 10, 72, 38, 60, 33, 27, 35, 30, 26]
  [18, 5, 75, 21, 27, 44, 41, 47, 32, 48, 42]
  [91, 86, 77, 22, 34, 52, 58, 53, 31, 27, 33]
  ICI: 0.1752
  ASI: 0.0003
  TVA: 0.2601
  H-score: 0.4423
  Item-wise Gini: [0.288, 0.357, 0.320, 0.316, 0.071, 0.077, 0.075, 0.145, 0.079, 0.206, 0.147]
  Max pairwise normalized dot product: 0.803

Competitive Matrix 67:
  [10, 100, 71, 19, 26, 51, 43, 40, 48, 29, 51]
  [90, 4, 3, 90, 53, 33, 47, 27, 31, 26, 45]
  [93, 11, 95, 89, 29, 42, 46, 54, 38, 21, 51]
  ICI: 0.1882
  ASI: 0.0013
  TVA: 0.2189
  H-score: 0.4324
  Item-wise Gini: [0.312, 0.560, 0.335, 0.272, 0.201, 0.082, 0.058, 0.098, 0.090, 0.097, 0.034]
  Max pairwise normalized dot product: 0.858

Competitive Matrix 68:
  [83, 24, 97, 75, 37, 31, 35, 27, 35, 28, 57]
  [93, 11, 2, 2, 49, 55, 28, 43, 44, 60, 54]
  [19, 91, 29, 91, 47, 45, 35, 46, 37, 53, 59]
  ICI: 0.1896
  ASI: 0.0028
  TVA: 0.2107
  H-score: 0.4573
  Item-wise Gini: [0.292, 0.397, 0.496, 0.343, 0.103, 0.166, 0.010, 0.134, 0.096, 0.194, 0.031]
  Max pairwise normalized dot product: 0.773

Competitive Matrix 69:
  [17, 18, 10, 10, 21, 30, 48, 32, 47, 47, 48]
  [90, 5, 82, 17, 24, 37, 21, 47, 30, 27, 29]
  [94, 2, 74, 1, 45, 44, 39, 55, 37, 41, 31]
  ICI: 0.2025
  ASI: 0.0010
  TVA: 0.2661
  H-score: 0.4884
  Item-wise Gini: [0.236, 0.472, 0.290, 0.354, 0.117, 0.011, 0.225, 0.043, 0.157, 0.173, 0.186]
  Max pairwise normalized dot product: 0.974

Competitive Matrix 70:
  [87, 93, 4, 81, 38, 44, 49, 32, 33, 49, 20]
  [82, 71, 23, 98, 52, 43, 21, 30, 43, 56, 44]
  [97, 76, 3, 23, 32, 55, 51, 39, 42, 30, 45]
  ICI: 0.1381
  ASI: 0.0006
  TVA: 0.1949
  H-score: 0.3452
  Item-wise Gini: [0.067, 0.072, 0.425, 0.227, 0.080, 0.087, 0.189, 0.089, 0.068, 0.102, 0.172]
  Max pairwise normalized dot product: 0.958

Competitive Matrix 71:
  [75, 88, 27, 75, 38, 41, 42, 23, 39, 28, 48]
  [94, 81, 70, 16, 40, 56, 34, 35, 57, 39, 41]
  [7, 19, 87, 9, 21, 32, 56, 35, 34, 56, 25]
  ICI: 0.1895
  ASI: 0.0029
  TVA: 0.2361
  H-score: 0.4838
  Item-wise Gini: [0.302, 0.218, 0.292, 0.408, 0.058, 0.054, 0.201, 0.162, 0.067, 0.231, 0.075]
  Max pairwise normalized dot product: 0.898

Competitive Matrix 72:
  [11, 2, 99, 100, 25, 41, 43, 49, 49, 40, 35]
  [79, 77, 91, 77, 45, 20, 33, 26, 37, 55, 48]
  [20, 95, 84, 28, 25, 24, 36, 58, 26, 59, 28]
  ICI: 0.1730
  ASI: 0.0018
  TVA: 0.2734
  H-score: 0.4824
  Item-wise Gini: [0.377, 0.387, 0.058, 0.246, 0.097, 0.196, 0.095, 0.192, 0.140, 0.093, 0.075]
  Max pairwise normalized dot product: 0.883

Competitive Matrix 73:
  [20, 28, 5, 88, 35, 49, 22, 40, 28, 31, 31]
  [94, 74, 99, 10, 20, 30, 48, 39, 21, 55, 22]
  [83, 77, 96, 96, 26, 25, 45, 43, 44, 60, 31]
  ICI: 0.1691
  ASI: 0.0015
  TVA: 0.1358
  H-score: 0.3358
  Item-wise Gini: [0.236, 0.137, 0.334, 0.351, 0.207, 0.263, 0.105, 0.099, 0.119, 0.059, 0.150]
  Max pairwise normalized dot product: 0.899

Competitive Matrix 74:
  [2, 72, 86, 20, 40, 44, 30, 42, 46, 44, 43]
  [3, 4, 14, 17, 35, 22, 29, 56, 47, 55, 53]
  [82, 9, 85, 30, 22, 25, 45, 42, 51, 47, 54]
  ICI: 0.1920
  ASI: 0.0016
  TVA: 0.3242
  H-score: 0.5491
  Item-wise Gini: [0.602, 0.514, 0.237, 0.079, 0.170, 0.136, 0.076, 0.159, 0.082, 0.133, 0.123]
  Max pairwise normalized dot product: 0.782

Competitive Matrix 75:
  [16, 97, 2, 99, 59, 59, 41, 47, 30, 42, 46]
  [92, 28, 70, 9, 43, 24, 54, 59, 34, 27, 37]
  [7, 77, 93, 6, 28, 39, 28, 21, 46, 23, 60]
  ICI: 0.2422
  ASI: 0.0014
  TVA: 0.3722
  H-score: 0.6423
  Item-wise Gini: [0.492, 0.194, 0.387, 0.522, 0.111, 0.158, 0.125, 0.191, 0.147, 0.086, 0.138]
  Max pairwise normalized dot product: 0.736

Competitive Matrix 76:
  [74, 74, 9, 99, 37, 49, 45, 27, 30, 58, 60]
  [96, 21, 72, 71, 45, 47, 26, 24, 26, 22, 26]
  [99, 84, 93, 79, 23, 27, 45, 42, 33, 43, 52]
  ICI: 0.1457
  ASI: 0.0003
  TVA: 0.1487
  H-score: 0.2998
  Item-wise Gini: [0.095, 0.196, 0.284, 0.072, 0.194, 0.160, 0.082, 0.079, 0.006, 0.174, 0.142]
  Max pairwise normalized dot product: 0.919

Competitive Matrix 77:
  [84, 71, 26, 77, 51, 32, 46, 39, 44, 51, 43]
  [2, 92, 4, 84, 42, 38, 56, 52, 30, 57, 21]
  [30, 17, 100, 95, 56, 52, 59, 20, 33, 25, 47]
  ICI: 0.1918
  ASI: 0.0049
  TVA: 0.2570
  H-score: 0.5477
  Item-wise Gini: [0.461, 0.306, 0.493, 0.056, 0.040, 0.116, 0.077, 0.221, 0.053, 0.188, 0.141]
  Max pairwise normalized dot product: 0.858

Competitive Matrix 78:
  [14, 1, 96, 90, 42, 28, 47, 47, 27, 44, 32]
  [29, 29, 3, 2, 60, 42, 42, 51, 20, 54, 42]
  [73, 76, 28, 71, 38, 36, 54, 42, 28, 34, 44]
  ICI: 0.1991
  ASI: 0.0038
  TVA: 0.2780
  H-score: 0.5533
  Item-wise Gini: [0.296, 0.424, 0.493, 0.374, 0.182, 0.145, 0.025, 0.118, 0.017, 0.175, 0.111]
  Max pairwise normalized dot product: 0.787

Competitive Matrix 79:
  [16, 75, 87, 88, 58, 39, 46, 58, 28, 30, 40]
  [26, 97, 22, 8, 21, 40, 22, 41, 59, 42, 40]
  [12, 5, 13, 75, 32, 27, 39, 35, 38, 57, 42]
  ICI: 0.1927
  ASI: 0.0007
  TVA: 0.2810
  H-score: 0.4887
  Item-wise Gini: [0.184, 0.386, 0.330, 0.322, 0.147, 0.075, 0.144, 0.021, 0.209, 0.216, 0.099]
  Max pairwise normalized dot product: 0.803

Competitive Matrix 80:
  [26, 24, 98, 96, 40, 43, 58, 49, 43, 36, 27]
  [84, 78, 93, 100, 33, 32, 26, 28, 25, 50, 57]
  [7, 10, 94, 92, 58, 28, 59, 27, 57, 55, 27]
  ICI: 0.1667
  ASI: 0.0011
  TVA: 0.3035
  H-score: 0.4912
  Item-wise Gini: [0.416, 0.378, 0.038, 0.018, 0.161, 0.096, 0.181, 0.157, 0.200, 0.105, 0.149]
  Max pairwise normalized dot product: 0.967

Competitive Matrix 81:
  [21, 88, 95, 7, 20, 36, 35, 59, 53, 48, 47]
  [13, 94, 96, 76, 56, 50, 41, 56, 25, 46, 59]
  [18, 99, 79, 99, 35, 21, 51, 28, 52, 21, 44]
  ICI: 0.1363
  ASI: 0.0011
  TVA: 0.1456
  H-score: 0.3031
  Item-wise Gini: [0.140, 0.036, 0.058, 0.350, 0.179, 0.151, 0.076, 0.167, 0.176, 0.179, 0.040]
  Max pairwise normalized dot product: 0.942

Competitive Matrix 82:
  [95, 19, 91, 14, 41, 50, 59, 30, 59, 29, 59]
  [77, 21, 85, 12, 51, 54, 22, 54, 52, 20, 56]
  [83, 100, 80, 28, 36, 50, 59, 21, 34, 28, 46]
  ICI: 0.1261
  ASI: 0.0001
  TVA: 0.2183
  H-score: 0.3453
  Item-wise Gini: [0.038, 0.374, 0.038, 0.173, 0.104, 0.043, 0.168, 0.234, 0.118, 0.063, 0.066]
  Max pairwise normalized dot product: 0.963

Competitive Matrix 83:
  [26, 92, 19, 25, 22, 37, 56, 46, 30, 45, 24]
  [9, 90, 17, 16, 47, 46, 29, 59, 29, 28, 60]
  [12, 23, 7, 16, 29, 46, 23, 34, 46, 53, 36]
  ICI: 0.1579
  ASI: 0.0006
  TVA: 0.2736
  H-score: 0.4435
  Item-wise Gini: [0.227, 0.197, 0.148, 0.101, 0.152, 0.107, 0.161, 0.062, 0.176, 0.195, 0.179]
  Max pairwise normalized dot product: 0.919

Competitive Matrix 84:
  [21, 81, 20, 24, 21, 39, 48, 58, 42, 56, 48]
  [19, 1, 80, 18, 50, 20, 37, 56, 57, 29, 27]
  [92, 15, 94, 12, 59, 39, 52, 37, 38, 38, 41]
  ICI: 0.1973
  ASI: 0.0015
  TVA: 0.2709
  H-score: 0.4975
  Item-wise Gini: [0.324, 0.558, 0.248, 0.160, 0.188, 0.108, 0.024, 0.138, 0.153, 0.121, 0.096]
  Max pairwise normalized dot product: 0.878

Competitive Matrix 85:
  [8, 22, 15, 99, 34, 32, 53, 29, 40, 42, 45]
  [72, 71, 29, 30, 31, 58, 23, 22, 43, 58, 40]
  [71, 16, 81, 5, 54, 21, 53, 54, 41, 44, 40]
  ICI: 0.2059
  ASI: 0.0011
  TVA: 0.3385
  H-score: 0.5667
  Item-wise Gini: [0.276, 0.328, 0.334, 0.486, 0.122, 0.215, 0.183, 0.194, 0.025, 0.064, 0.058]
  Max pairwise normalized dot product: 0.794

Competitive Matrix 86:
  [29, 1, 9, 7, 53, 35, 49, 39, 35, 56, 57]
  [87, 25, 76, 9, 47, 57, 29, 42, 60, 53, 55]
  [18, 70, 95, 89, 59, 55, 58, 35, 36, 33, 20]
  ICI: 0.2197
  ASI: 0.0010
  TVA: 0.2964
  H-score: 0.5362
  Item-wise Gini: [0.318, 0.467, 0.287, 0.485, 0.112, 0.025, 0.182, 0.119, 0.118, 0.202, 0.272]
  Max pairwise normalized dot product: 0.834

Competitive Matrix 87:
  [9, 28, 98, 1, 43, 27, 35, 58, 50, 43, 48]
  [3, 16, 7, 81, 32, 38, 28, 54, 57, 28, 58]
  [28, 91, 78, 85, 30, 26, 29, 45, 43, 25, 51]
  ICI: 0.1782
  ASI: 0.0014
  TVA: 0.2727
  H-score: 0.4781
  Item-wise Gini: [0.374, 0.319, 0.354, 0.365, 0.118, 0.148, 0.082, 0.094, 0.121, 0.157, 0.092]
  Max pairwise normalized dot product: 0.794

Competitive Matrix 88:
  [7, 4, 26, 22, 50, 22, 49, 29, 28, 55, 58]
  [29, 28, 72, 22, 42, 46, 57, 21, 48, 48, 55]
  [16, 71, 88, 87, 53, 34, 25, 35, 40, 50, 36]
  ICI: 0.1812
  ASI: 0.0021
  TVA: 0.2656
  H-score: 0.4880
  Item-wise Gini: [0.250, 0.396, 0.153, 0.283, 0.107, 0.105, 0.202, 0.131, 0.072, 0.120, 0.187]
  Max pairwise normalized dot product: 0.902

Competitive Matrix 89:
  [23, 79, 72, 29, 38, 41, 42, 32, 28, 60, 59]
  [13, 83, 21, 1, 28, 43, 47, 24, 28, 47, 24]
  [86, 98, 94, 11, 49, 38, 23, 49, 55, 23, 28]
  ICI: 0.1978
  ASI: 0.0027
  TVA: 0.3362
  H-score: 0.5878
  Item-wise Gini: [0.335, 0.087, 0.200, 0.456, 0.036, 0.126, 0.233, 0.076, 0.125, 0.204, 0.190]
  Max pairwise normalized dot product: 0.907

Competitive Matrix 90:
  [13, 18, 87, 27, 30, 55, 22, 38, 54, 52, 49]
  [19, 91, 72, 96, 20, 54, 40, 43, 31, 24, 28]
  [90, 89, 78, 73, 21, 51, 26, 25, 55, 28, 28]
  ICI: 0.1573
  ASI: 0.0002
  TVA: 0.2588
  H-score: 0.4195
  Item-wise Gini: [0.385, 0.241, 0.081, 0.221, 0.140, 0.069, 0.120, 0.129, 0.147, 0.221, 0.189]
  Max pairwise normalized dot product: 0.903

Competitive Matrix 91:
  [16, 71, 24, 93, 29, 46, 45, 29, 46, 27, 43]
  [97, 19, 12, 12, 25, 23, 37, 60, 40, 41, 32]
  [74, 76, 19, 91, 56, 57, 37, 54, 45, 35, 27]
  ICI: 0.1565
  ASI: 0.0018
  TVA: 0.1736
  H-score: 0.3666
  Item-wise Gini: [0.343, 0.208, 0.122, 0.289, 0.108, 0.110, 0.082, 0.193, 0.052, 0.137, 0.135]
  Max pairwise normalized dot product: 0.923

Competitive Matrix 92:
  [85, 93, 75, 9, 21, 31, 30, 24, 22, 31, 44]
  [85, 2, 81, 96, 52, 43, 20, 50, 20, 53, 29]
  [26, 15, 99, 1, 23, 21, 25, 49, 47, 21, 32]
  ICI: 0.2284
  ASI: 0.0002
  TVA: 0.3791
  H-score: 0.6124
  Item-wise Gini: [0.177, 0.533, 0.139, 0.585, 0.170, 0.073, 0.124, 0.200, 0.288, 0.122, 0.112]
  Max pairwise normalized dot product: 0.760

Competitive Matrix 93:
  [20, 75, 81, 24, 55, 50, 36, 38, 59, 42, 26]
  [77, 74, 17, 81, 30, 24, 36, 22, 60, 25, 47]
  [75, 70, 20, 14, 27, 49, 47, 42, 26, 21, 44]
  ICI: 0.1735
  ASI: 0.0004
  TVA: 0.2532
  H-score: 0.4354
  Item-wise Gini: [0.241, 0.018, 0.348, 0.361, 0.138, 0.164, 0.098, 0.160, 0.139, 0.127, 0.134]
  Max pairwise normalized dot product: 0.869

Competitive Matrix 94:
  [92, 93, 9, 1, 24, 31, 58, 22, 27, 53, 29]
  [24, 89, 18, 22, 33, 41, 28, 60, 20, 48, 44]
  [89, 85, 11, 15, 47, 56, 25, 42, 43, 26, 22]
  ICI: 0.1740
  ASI: 0.0026
  TVA: 0.2703
  H-score: 0.4953
  Item-wise Gini: [0.223, 0.030, 0.167, 0.380, 0.135, 0.118, 0.206, 0.214, 0.154, 0.148, 0.170]
  Max pairwise normalized dot product: 0.926

Competitive Matrix 95:
  [8, 22, 28, 8, 60, 36, 41, 31, 52, 49, 41]
  [98, 8, 90, 27, 51, 40, 56, 55, 37, 25, 36]
  [74, 79, 72, 70, 45, 25, 28, 32, 23, 53, 33]
  ICI: 0.1995
  ASI: 0.0005
  TVA: 0.2911
  H-score: 0.5009
  Item-wise Gini: [0.319, 0.399, 0.171, 0.359, 0.147, 0.149, 0.141, 0.122, 0.252, 0.198, 0.131]
  Max pairwise normalized dot product: 0.835

Competitive Matrix 96:
  [3, 81, 21, 94, 31, 54, 53, 39, 49, 60, 22]
  [72, 78, 26, 16, 50, 38, 30, 20, 34, 37, 34]
  [30, 92, 24, 16, 23, 23, 23, 46, 41, 21, 44]
  ICI: 0.1899
  ASI: 0.0005
  TVA: 0.3314
  H-score: 0.5323
  Item-wise Gini: [0.426, 0.093, 0.086, 0.375, 0.155, 0.122, 0.127, 0.203, 0.068, 0.164, 0.202]
  Max pairwise normalized dot product: 0.899

Competitive Matrix 97:
  [27, 73, 4, 85, 35, 38, 28, 46, 52, 33, 43]
  [87, 18, 73, 13, 24, 31, 50, 26, 55, 28, 41]
  [71, 16, 22, 16, 47, 32, 20, 21, 56, 59, 22]
  ICI: 0.2138
  ASI: 0.0002
  TVA: 0.3855
  H-score: 0.6027
  Item-wise Gini: [0.208, 0.325, 0.450, 0.404, 0.183, 0.040, 0.177, 0.139, 0.060, 0.212, 0.097]
  Max pairwise normalized dot product: 0.872

Competitive Matrix 98:
  [23, 21, 93, 82, 59, 23, 47, 51, 42, 40, 37]
  [92, 87, 76, 17, 57, 56, 35, 26, 25, 22, 46]
  [73, 100, 14, 20, 51, 39, 42, 54, 60, 50, 29]
  ICI: 0.1843
  ASI: 0.0002
  TVA: 0.2246
  H-score: 0.4134
  Item-wise Gini: [0.239, 0.252, 0.294, 0.372, 0.038, 0.179, 0.073, 0.143, 0.184, 0.167, 0.097]
  Max pairwise normalized dot product: 0.880

Competitive Matrix 99:
  [23, 21, 17, 77, 26, 27, 47, 34, 32, 27, 33]
  [12, 93, 95, 84, 39, 47, 58, 26, 28, 39, 43]
  [99, 18, 96, 83, 47, 48, 52, 59, 28, 58, 58]
  ICI: 0.1706
  ASI: 0.0008
  TVA: 0.2721
  H-score: 0.4592
  Item-wise Gini: [0.370, 0.365, 0.223, 0.113, 0.011, 0.026, 0.104, 0.137, 0.164, 0.059, 0.037]
  Max pairwise normalized dot product: 0.859

Competitive Matrix 100:
  [87, 21, 10, 26, 26, 36, 39, 27, 31, 28, 30]
  [89, 95, 29, 8, 50, 37, 33, 45, 30, 45, 29]
  [24, 12, 72, 12, 57, 59, 35, 41, 41, 56, 27]
  ICI: 0.1761
  ASI: 0.0002
  TVA: 0.2816
  H-score: 0.4625
  Item-wise Gini: [0.260, 0.397, 0.364, 0.320, 0.128, 0.128, 0.106, 0.049, 0.091, 0.114, 0.078]
  Max pairwise normalized dot product: 0.871

=== COMPETITIVE MATRIX SUMMARY ===
Total matrices: 100
Mean H-score: 0.4466
Standard deviation: 0.0905
