=== COUNTEREXAMPLE ANALYSIS ===

Counterexample 1:
  [8, 5, 86, 4, 14, 12, 16, 19, 98, 3, 10]
  [2, 6, 6, 18, 4, 7, 3, 18, 94, 19, 3]
  [17, 18, 90, 12, 8, 9, 2, 4, 90, 5, 13]
  ICI: 0.2714
  ASI: 0.0002
  TVA: 0.3751
  H-score: 0.6509
  Item-wise Gini: [0.337, 0.275, 0.296, 0.358, 0.186, 0.058, 0.411, 0.308, 0.102, 0.467, 0.209]
  Max pairwise normalized dot product: 0.976

Counterexample 2:
  [100, 7, 3, 13, 18, 5, 14, 15, 99, 11, 9]
  [85, 1, 6, 11, 5, 6, 17, 8, 80, 16, 8]
  [13, 10, 10, 1, 17, 10, 6, 6, 84, 18, 15]
  ICI: 0.2064
  ASI: 0.0016
  TVA: 0.2514
  H-score: 0.4905
  Item-wise Gini: [0.247, 0.402, 0.323, 0.281, 0.268, 0.252, 0.172, 0.112, 0.068, 0.193, 0.226]
  Max pairwise normalized dot product: 0.992

Counterexample 3:
  [14, 8, 18, 7, 13, 99, 2, 13, 4, 98, 2]
  [16, 6, 12, 3, 11, 16, 14, 19, 86, 13, 8]
  [9, 9, 6, 3, 4, 93, 15, 1, 98, 85, 7]
  ICI: 0.2377
  ASI: 0.0058
  TVA: 0.1925
  H-score: 0.5456
  Item-wise Gini: [0.219, 0.017, 0.219, 0.219, 0.247, 0.258, 0.338, 0.420, 0.370, 0.286, 0.316]
  Max pairwise normalized dot product: 0.798

Counterexample 4:
  [18, 16, 7, 6, 18, 86, 5, 91, 15, 18, 10]
  [15, 4, 87, 18, 15, 83, 8, 85, 9, 19, 4]
  [18, 1, 98, 12, 11, 9, 4, 5, 7, 15, 6]
  ICI: 0.2132
  ASI: 0.0009
  TVA: 0.2446
  H-score: 0.4766
  Item-wise Gini: [0.177, 0.461, 0.418, 0.213, 0.076, 0.283, 0.063, 0.327, 0.149, 0.087, 0.196]
  Max pairwise normalized dot product: 0.839

Counterexample 5:
  [11, 11, 98, 6, 1, 18, 98, 12, 15, 94, 13]
  [19, 14, 82, 8, 16, 3, 91, 17, 9, 18, 4]
  [4, 3, 5, 14, 19, 18, 13, 1, 14, 84, 4]
  ICI: 0.2688
  ASI: 0.0002
  TVA: 0.2378
  H-score: 0.5112
  Item-wise Gini: [0.253, 0.230, 0.303, 0.339, 0.416, 0.377, 0.255, 0.374, 0.205, 0.345, 0.190]
  Max pairwise normalized dot product: 0.887

Counterexample 6:
  [10, 4, 11, 10, 9, 18, 16, 99, 9, 1, 19]
  [10, 17, 17, 6, 4, 11, 2, 97, 87, 9, 99]
  [8, 6, 13, 19, 9, 12, 7, 6, 87, 8, 89]
  ICI: 0.2270
  ASI: 0.0004
  TVA: 0.2258
  H-score: 0.4600
  Item-wise Gini: [0.129, 0.208, 0.027, 0.268, 0.244, 0.231, 0.438, 0.395, 0.310, 0.282, 0.232]
  Max pairwise normalized dot product: 0.829

Counterexample 7:
  [5, 97, 13, 13, 11, 3, 12, 10, 17, 8, 3]
  [5, 100, 7, 1, 11, 8, 81, 18, 17, 96, 3]
  [17, 10, 6, 12, 19, 13, 86, 14, 6, 92, 13]
  ICI: 0.2470
  ASI: 0.0015
  TVA: 0.2883
  H-score: 0.5644
  Item-wise Gini: [0.299, 0.379, 0.291, 0.385, 0.147, 0.235, 0.265, 0.015, 0.285, 0.290, 0.351]
  Max pairwise normalized dot product: 0.820

Counterexample 8:
  [90, 1, 1, 85, 5, 85, 7, 15, 14, 4, 5]
  [14, 4, 14, 11, 13, 80, 2, 7, 4, 15, 13]
  [98, 13, 6, 88, 3, 15, 10, 6, 5, 7, 15]
  ICI: 0.2963
  ASI: 0.0027
  TVA: 0.3815
  H-score: 0.7311
  Item-wise Gini: [0.262, 0.408, 0.483, 0.269, 0.411, 0.338, 0.246, 0.154, 0.202, 0.387, 0.262]
  Max pairwise normalized dot product: 0.875

Counterexample 9:
  [13, 1, 94, 8, 16, 11, 6, 19, 14, 8, 7]
  [15, 2, 83, 12, 3, 19, 9, 85, 2, 4, 4]
  [11, 8, 88, 4, 12, 8, 5, 89, 1, 15, 1]
  ICI: 0.2459
  ASI: 0.0027
  TVA: 0.3711
  H-score: 0.6700
  Item-wise Gini: [0.078, 0.401, 0.072, 0.210, 0.319, 0.185, 0.129, 0.220, 0.534, 0.252, 0.371]
  Max pairwise normalized dot product: 0.985

Counterexample 10:
  [90, 12, 91, 6, 10, 87, 7, 1, 15, 15, 11]
  [8, 5, 10, 15, 18, 83, 19, 8, 9, 9, 1]
  [93, 5, 96, 19, 19, 5, 5, 13, 2, 10, 15]
  ICI: 0.2653
  ASI: 0.0010
  TVA: 0.2721
  H-score: 0.5569
  Item-wise Gini: [0.301, 0.143, 0.290, 0.256, 0.235, 0.400, 0.403, 0.312, 0.279, 0.069, 0.352]
  Max pairwise normalized dot product: 0.839

Counterexample 11:
  [98, 13, 4, 13, 5, 9, 16, 12, 15, 3, 5]
  [98, 3, 8, 5, 90, 95, 17, 17, 9, 8, 18]
  [17, 9, 15, 6, 95, 80, 11, 7, 18, 15, 15]
  ICI: 0.2360
  ASI: 0.0007
  TVA: 0.2433
  H-score: 0.4925
  Item-wise Gini: [0.359, 0.370, 0.221, 0.352, 0.338, 0.265, 0.178, 0.190, 0.216, 0.273, 0.138]
  Max pairwise normalized dot product: 0.866

Counterexample 12:
  [6, 13, 17, 6, 83, 4, 19, 2, 18, 8, 82]
  [8, 4, 6, 15, 89, 17, 7, 8, 15, 1, 100]
  [18, 2, 15, 17, 14, 11, 15, 1, 3, 7, 81]
  ICI: 0.2544
  ASI: 0.0011
  TVA: 0.3032
  H-score: 0.5792
  Item-wise Gini: [0.330, 0.346, 0.233, 0.269, 0.232, 0.229, 0.205, 0.377, 0.252, 0.315, 0.072]
  Max pairwise normalized dot product: 0.976

Counterexample 13:
  [17, 16, 91, 10, 7, 14, 12, 16, 5, 6, 93]
  [14, 10, 4, 4, 94, 14, 4, 13, 7, 18, 15]
  [14, 5, 82, 18, 95, 12, 4, 5, 17, 15, 82]
  ICI: 0.2245
  ASI: 0.0000
  TVA: 0.2575
  H-score: 0.4826
  Item-wise Gini: [0.121, 0.229, 0.346, 0.195, 0.390, 0.159, 0.275, 0.253, 0.205, 0.303, 0.260]
  Max pairwise normalized dot product: 0.803

Counterexample 14:
  [88, 6, 9, 5, 1, 2, 94, 14, 7, 91, 8]
  [1, 14, 15, 19, 10, 16, 14, 8, 11, 98, 8]
  [88, 8, 8, 12, 11, 11, 99, 7, 19, 12, 16]
  ICI: 0.2410
  ASI: 0.0029
  TVA: 0.2793
  H-score: 0.5787
  Item-wise Gini: [0.343, 0.281, 0.227, 0.337, 0.332, 0.385, 0.264, 0.121, 0.211, 0.357, 0.173]
  Max pairwise normalized dot product: 0.856

Counterexample 15:
  [11, 91, 17, 19, 19, 11, 6, 5, 3, 81, 12]
  [3, 100, 18, 17, 19, 7, 16, 16, 14, 14, 19]
  [1, 83, 19, 12, 18, 15, 15, 3, 5, 86, 2]
  ICI: 0.2059
  ASI: 0.0047
  TVA: 0.2783
  H-score: 0.5779
  Item-wise Gini: [0.429, 0.057, 0.039, 0.085, 0.028, 0.153, 0.202, 0.378, 0.355, 0.267, 0.363]
  Max pairwise normalized dot product: 0.986

Counterexample 16:
  [97, 13, 16, 13, 9, 3, 1, 13, 15, 4, 98]
  [11, 4, 19, 19, 13, 17, 2, 15, 11, 97, 11]
  [95, 11, 11, 8, 3, 13, 7, 16, 8, 86, 88]
  ICI: 0.2322
  ASI: 0.0020
  TVA: 0.2227
  H-score: 0.4950
  Item-wise Gini: [0.293, 0.193, 0.209, 0.272, 0.338, 0.355, 0.338, 0.093, 0.158, 0.405, 0.304]
  Max pairwise normalized dot product: 0.847

Counterexample 17:
  [6, 16, 1, 7, 16, 92, 1, 14, 19, 11, 7]
  [5, 14, 5, 9, 91, 87, 16, 3, 9, 3, 19]
  [17, 11, 13, 17, 89, 88, 10, 9, 10, 8, 14]
  ICI: 0.2298
  ASI: 0.0020
  TVA: 0.3332
  H-score: 0.6026
  Item-wise Gini: [0.244, 0.173, 0.383, 0.127, 0.237, 0.105, 0.368, 0.355, 0.258, 0.318, 0.151]
  Max pairwise normalized dot product: 0.988

Counterexample 18:
  [80, 4, 16, 4, 11, 2, 14, 9, 17, 4, 12]
  [8, 94, 9, 1, 19, 18, 16, 3, 14, 18, 94]
  [84, 83, 19, 2, 3, 9, 1, 5, 12, 13, 85]
  ICI: 0.2675
  ASI: 0.0006
  TVA: 0.2603
  H-score: 0.5404
  Item-wise Gini: [0.384, 0.327, 0.225, 0.400, 0.267, 0.327, 0.374, 0.357, 0.219, 0.202, 0.254]
  Max pairwise normalized dot product: 0.840

Counterexample 19:
  [10, 15, 11, 6, 88, 9, 92, 12, 15, 14, 11]
  [11, 8, 17, 1, 89, 7, 6, 14, 7, 10, 1]
  [13, 5, 7, 16, 90, 1, 85, 12, 12, 19, 4]
  ICI: 0.2093
  ASI: 0.0013
  TVA: 0.2864
  H-score: 0.5216
  Item-wise Gini: [0.130, 0.191, 0.295, 0.416, 0.119, 0.324, 0.283, 0.155, 0.058, 0.083, 0.368]
  Max pairwise normalized dot product: 0.988

Counterexample 20:
  [19, 13, 10, 86, 3, 11, 14, 87, 6, 3, 5]
  [8, 16, 2, 85, 2, 14, 16, 13, 3, 16, 5]
  [14, 11, 4, 86, 3, 9, 11, 96, 18, 3, 19]
  ICI: 0.2027
  ASI: 0.0002
  TVA: 0.3363
  H-score: 0.5431
  Item-wise Gini: [0.116, 0.181, 0.287, 0.094, 0.014, 0.195, 0.177, 0.244, 0.309, 0.466, 0.285]
  Max pairwise normalized dot product: 0.987

Counterexample 21:
  [2, 19, 99, 99, 1, 19, 10, 2, 15, 17, 80]
  [16, 13, 4, 89, 2, 18, 3, 14, 15, 7, 16]
  [5, 19, 82, 1, 4, 10, 9, 18, 1, 3, 94]
  ICI: 0.2756
  ASI: 0.0030
  TVA: 0.2338
  H-score: 0.5700
  Item-wise Gini: [0.471, 0.085, 0.333, 0.410, 0.309, 0.183, 0.179, 0.301, 0.395, 0.244, 0.293]
  Max pairwise normalized dot product: 0.777

Counterexample 22:
  [94, 14, 19, 2, 12, 15, 5, 81, 1, 98, 2]
  [6, 9, 15, 8, 6, 18, 19, 8, 3, 85, 6]
  [96, 3, 9, 11, 13, 17, 12, 90, 3, 4, 10]
  ICI: 0.2369
  ASI: 0.0013
  TVA: 0.1813
  H-score: 0.4441
  Item-wise Gini: [0.326, 0.250, 0.189, 0.279, 0.090, 0.177, 0.365, 0.316, 0.295, 0.392, 0.276]
  Max pairwise normalized dot product: 0.801

Counterexample 23:
  [17, 5, 11, 9, 6, 6, 11, 4, 7, 1, 98]
  [15, 8, 3, 15, 87, 18, 96, 8, 5, 14, 10]
  [1, 7, 15, 10, 89, 6, 89, 15, 1, 18, 85]
  ICI: 0.2639
  ASI: 0.0003
  TVA: 0.2465
  H-score: 0.5162
  Item-wise Gini: [0.408, 0.067, 0.294, 0.119, 0.303, 0.267, 0.279, 0.151, 0.405, 0.291, 0.412]
  Max pairwise normalized dot product: 0.860

Counterexample 24:
  [7, 13, 7, 4, 9, 11, 94, 16, 11, 6, 8]
  [8, 7, 1, 3, 86, 8, 7, 10, 7, 4, 3]
  [14, 1, 13, 8, 93, 7, 93, 19, 18, 3, 7]
  ICI: 0.2291
  ASI: 0.0016
  TVA: 0.2923
  H-score: 0.5542
  Item-wise Gini: [0.083, 0.362, 0.292, 0.076, 0.372, 0.161, 0.342, 0.051, 0.064, 0.201, 0.166]
  Max pairwise normalized dot product: 0.777

Counterexample 25:
  [82, 17, 5, 16, 8, 15, 13, 16, 4, 6, 13]
  [1, 98, 14, 86, 12, 11, 6, 5, 9, 15, 2]
  [87, 100, 19, 80, 2, 10, 7, 7, 3, 19, 15]
  ICI: 0.2445
  ASI: 0.0043
  TVA: 0.2667
  H-score: 0.5979
  Item-wise Gini: [0.412, 0.258, 0.143, 0.259, 0.291, 0.217, 0.283, 0.345, 0.273, 0.126, 0.335]
  Max pairwise normalized dot product: 0.831

Counterexample 26:
  [12, 1, 6, 18, 83, 6, 1, 84, 17, 10, 10]
  [14, 19, 11, 11, 88, 7, 2, 80, 2, 10, 7]
  [1, 7, 4, 11, 17, 14, 12, 93, 3, 14, 7]
  ICI: 0.2448
  ASI: 0.0001
  TVA: 0.4104
  H-score: 0.6576
  Item-wise Gini: [0.306, 0.405, 0.163, 0.109, 0.221, 0.271, 0.529, 0.108, 0.435, 0.156, 0.078]
  Max pairwise normalized dot product: 0.977

Counterexample 27:
  [87, 8, 16, 17, 7, 19, 16, 12, 13, 93, 2]
  [2, 5, 10, 90, 3, 9, 14, 18, 6, 12, 10]
  [97, 1, 2, 90, 8, 1, 2, 2, 12, 87, 4]
  ICI: 0.2948
  ASI: 0.0041
  TVA: 0.2458
  H-score: 0.6220
  Item-wise Gini: [0.325, 0.280, 0.280, 0.346, 0.093, 0.349, 0.342, 0.422, 0.064, 0.252, 0.430]
  Max pairwise normalized dot product: 0.866

Counterexample 28:
  [7, 10, 2, 2, 17, 16, 10, 5, 18, 100, 10]
  [15, 89, 14, 17, 83, 1, 9, 3, 8, 13, 8]
  [4, 90, 13, 3, 96, 14, 9, 9, 15, 98, 14]
  ICI: 0.2461
  ASI: 0.0001
  TVA: 0.2470
  H-score: 0.4941
  Item-wise Gini: [0.299, 0.304, 0.292, 0.455, 0.232, 0.418, 0.158, 0.150, 0.248, 0.369, 0.111]
  Max pairwise normalized dot product: 0.850

Counterexample 29:
  [17, 6, 10, 4, 12, 3, 8, 19, 8, 9, 96]
  [19, 4, 16, 8, 86, 4, 15, 95, 1, 2, 1]
  [13, 19, 5, 16, 82, 15, 7, 85, 13, 1, 85]
  ICI: 0.2886
  ASI: 0.0032
  TVA: 0.3903
  H-score: 0.7425
  Item-wise Gini: [0.166, 0.258, 0.251, 0.175, 0.289, 0.250, 0.214, 0.256, 0.300, 0.507, 0.439]
  Max pairwise normalized dot product: 0.807

=== COUNTEREXAMPLE SUMMARY ===
Total counterexamples: 29
Mean H-score: 0.5610
Standard deviation: 0.0747
