=== HIGH VALUE MATRIX ANALYSIS ===

High Value Matrix 1:
  [99, 96, 97, 47, 40, 57, 25, 56, 36, 40, 26]
  [87, 99, 93, 53, 24, 38, 23, 31, 44, 27, 24]
  [93, 94, 87, 57, 24, 34, 32, 41, 36, 44, 20]
  ICI: 0.0688
  ASI: 0.0003
  TVA: 0.1611
  H-score: 0.2367
  Item-wise Gini: [0.008, 0.036, 0.023, 0.062, 0.096, 0.095, 0.079, 0.101, 0.075, 0.099, 0.047]
  Max pairwise normalized dot product: 0.991

High Value Matrix 2:
  [95, 83, 83, 31, 23, 43, 59, 23, 50, 48, 29]
  [96, 95, 81, 46, 50, 57, 60, 34, 59, 44, 57]
  [80, 86, 88, 51, 54, 40, 35, 60, 34, 35, 28]
  ICI: 0.1009
  ASI: 0.0014
  TVA: 0.1597
  H-score: 0.2893
  Item-wise Gini: [0.048, 0.010, 0.048, 0.101, 0.165, 0.048, 0.119, 0.211, 0.088, 0.081, 0.134]
  Max pairwise normalized dot product: 0.980

High Value Matrix 3:
  [87, 93, 83, 60, 58, 54, 37, 44, 47, 35, 24]
  [96, 93, 95, 28, 31, 32, 22, 33, 24, 38, 32]
  [83, 81, 97, 33, 46, 37, 55, 54, 41, 30, 34]
  ICI: 0.0989
  ASI: 0.0015
  TVA: 0.1695
  H-score: 0.2978
  Item-wise Gini: [0.062, 0.058, 0.067, 0.139, 0.099, 0.082, 0.175, 0.084, 0.104, 0.081, 0.095]
  Max pairwise normalized dot product: 0.974

High Value Matrix 4:
  [90, 83, 94, 31, 36, 56, 37, 47, 47, 49, 20]
  [86, 86, 96, 50, 20, 39, 25, 40, 26, 25, 21]
  [93, 99, 97, 53, 20, 25, 45, 38, 60, 55, 45]
  ICI: 0.1071
  ASI: 0.0010
  TVA: 0.1968
  H-score: 0.3229
  Item-wise Gini: [0.028, 0.038, 0.044, 0.127, 0.148, 0.175, 0.083, 0.059, 0.132, 0.118, 0.171]
  Max pairwise normalized dot product: 0.972

High Value Matrix 5:
  [99, 100, 86, 47, 54, 47, 42, 36, 57, 52, 38]
  [90, 93, 100, 23, 43, 41, 36, 26, 50, 22, 49]
  [84, 82, 92, 49, 48, 28, 38, 36, 53, 20, 42]
  ICI: 0.0759
  ASI: 0.0012
  TVA: 0.1278
  H-score: 0.2279
  Item-wise Gini: [0.015, 0.028, 0.063, 0.154, 0.025, 0.079, 0.012, 0.072, 0.015, 0.193, 0.085]
  Max pairwise normalized dot product: 0.984

High Value Matrix 6:
  [83, 94, 81, 26, 56, 31, 21, 41, 34, 54, 42]
  [83, 94, 92, 55, 57, 51, 21, 37, 30, 27, 22]
  [94, 84, 88, 56, 20, 25, 59, 41, 37, 57, 48]
  ICI: 0.1085
  ASI: 0.0003
  TVA: 0.1355
  H-score: 0.2498
  Item-wise Gini: [0.013, 0.041, 0.026, 0.143, 0.193, 0.174, 0.234, 0.025, 0.031, 0.136, 0.139]
  Max pairwise normalized dot product: 0.965

High Value Matrix 7:
  [96, 100, 84, 53, 59, 47, 42, 57, 46, 58, 29]
  [98, 89, 92, 36, 47, 52, 53, 46, 34, 56, 40]
  [98, 96, 99, 57, 60, 43, 25, 46, 23, 42, 31]
  ICI: 0.0684
  ASI: 0.0011
  TVA: 0.1104
  H-score: 0.2014
  Item-wise Gini: [0.022, 0.025, 0.054, 0.106, 0.061, 0.035, 0.151, 0.039, 0.132, 0.053, 0.081]
  Max pairwise normalized dot product: 0.988

High Value Matrix 8:
  [93, 94, 100, 60, 35, 54, 59, 21, 56, 27, 20]
  [87, 93, 81, 35, 47, 36, 20, 60, 51, 51, 34]
  [96, 96, 87, 60, 29, 48, 45, 28, 43, 57, 40]
  ICI: 0.1068
  ASI: 0.0005
  TVA: 0.1512
  H-score: 0.2673
  Item-wise Gini: [0.010, 0.006, 0.039, 0.101, 0.121, 0.080, 0.205, 0.249, 0.060, 0.142, 0.136]
  Max pairwise normalized dot product: 0.977

High Value Matrix 9:
  [100, 94, 93, 55, 28, 25, 29, 26, 31, 44, 47]
  [92, 86, 90, 32, 28, 40, 53, 59, 51, 20, 47]
  [90, 81, 96, 25, 39, 33, 44, 34, 56, 37, 56]
  ICI: 0.0964
  ASI: 0.0005
  TVA: 0.1886
  H-score: 0.2944
  Item-wise Gini: [0.031, 0.041, 0.017, 0.187, 0.079, 0.093, 0.118, 0.176, 0.115, 0.168, 0.042]
  Max pairwise normalized dot product: 0.982

High Value Matrix 10:
  [81, 86, 99, 39, 49, 51, 21, 36, 25, 52, 39]
  [94, 88, 90, 57, 30, 58, 41, 33, 45, 35, 20]
  [93, 99, 93, 33, 46, 37, 55, 27, 27, 25, 20]
  ICI: 0.1019
  ASI: 0.0006
  TVA: 0.2029
  H-score: 0.3161
  Item-wise Gini: [0.039, 0.041, 0.026, 0.110, 0.104, 0.083, 0.204, 0.055, 0.130, 0.154, 0.163]
  Max pairwise normalized dot product: 0.973

High Value Matrix 11:
  [97, 85, 85, 33, 34, 28, 21, 28, 59, 52, 52]
  [83, 100, 87, 49, 49, 38, 36, 25, 35, 20, 53]
  [100, 93, 84, 52, 51, 53, 34, 37, 32, 42, 42]
  ICI: 0.0893
  ASI: 0.0005
  TVA: 0.1291
  H-score: 0.2283
  Item-wise Gini: [0.035, 0.036, 0.024, 0.082, 0.076, 0.122, 0.113, 0.071, 0.158, 0.193, 0.065]
  Max pairwise normalized dot product: 0.984

High Value Matrix 12:
  [97, 81, 84, 54, 31, 34, 36, 29, 56, 36, 27]
  [85, 99, 80, 30, 34, 58, 33, 50, 50, 25, 46]
  [81, 90, 90, 53, 32, 52, 55, 45, 49, 30, 51]
  ICI: 0.0755
  ASI: 0.0007
  TVA: 0.1163
  H-score: 0.2067
  Item-wise Gini: [0.064, 0.036, 0.020, 0.129, 0.027, 0.105, 0.102, 0.107, 0.054, 0.092, 0.108]
  Max pairwise normalized dot product: 0.984

High Value Matrix 13:
  [91, 90, 98, 59, 47, 20, 59, 37, 22, 51, 53]
  [98, 92, 80, 27, 25, 20, 44, 28, 48, 31, 51]
  [90, 89, 98, 46, 39, 36, 27, 31, 31, 41, 58]
  ICI: 0.0945
  ASI: 0.0004
  TVA: 0.1801
  H-score: 0.2830
  Item-wise Gini: [0.049, 0.037, 0.029, 0.133, 0.103, 0.151, 0.145, 0.031, 0.201, 0.078, 0.035]
  Max pairwise normalized dot product: 0.980

High Value Matrix 14:
  [89, 92, 100, 24, 52, 51, 60, 42, 41, 52, 58]
  [90, 94, 97, 54, 55, 60, 30, 57, 33, 36, 52]
  [91, 95, 94, 57, 58, 36, 50, 49, 37, 52, 48]
  ICI: 0.0635
  ASI: 0.0001
  TVA: 0.0740
  H-score: 0.1400
  Item-wise Gini: [0.003, 0.006, 0.016, 0.161, 0.022, 0.112, 0.143, 0.069, 0.047, 0.076, 0.044]
  Max pairwise normalized dot product: 0.985

High Value Matrix 15:
  [83, 85, 91, 58, 50, 29, 41, 50, 33, 51, 38]
  [95, 93, 93, 24, 46, 40, 43, 59, 41, 56, 53]
  [95, 83, 94, 30, 28, 37, 46, 45, 42, 39, 36]
  ICI: 0.0688
  ASI: 0.0002
  TVA: 0.1226
  H-score: 0.1953
  Item-wise Gini: [0.043, 0.008, 0.027, 0.209, 0.110, 0.064, 0.041, 0.036, 0.066, 0.054, 0.064]
  Max pairwise normalized dot product: 0.988

High Value Matrix 16:
  [89, 86, 80, 21, 40, 49, 35, 26, 43, 41, 29]
  [99, 84, 93, 42, 47, 38, 32, 25, 58, 20, 49]
  [81, 100, 92, 60, 25, 38, 49, 30, 37, 44, 38]
  ICI: 0.0932
  ASI: 0.0001
  TVA: 0.1723
  H-score: 0.2671
  Item-wise Gini: [0.046, 0.036, 0.014, 0.196, 0.129, 0.082, 0.092, 0.037, 0.101, 0.152, 0.098]
  Max pairwise normalized dot product: 0.976

High Value Matrix 17:
  [98, 90, 90, 22, 58, 30, 40, 57, 47, 53, 54]
  [87, 98, 80, 57, 25, 41, 26, 60, 39, 32, 42]
  [80, 89, 99, 31, 59, 35, 50, 21, 54, 54, 43]
  ICI: 0.1014
  ASI: 0.0001
  TVA: 0.1369
  H-score: 0.2405
  Item-wise Gini: [0.036, 0.038, 0.038, 0.230, 0.155, 0.088, 0.131, 0.201, 0.063, 0.099, 0.043]
  Max pairwise normalized dot product: 0.976

High Value Matrix 18:
  [93, 92, 83, 42, 28, 36, 60, 40, 20, 59, 21]
  [81, 95, 87, 44, 25, 55, 27, 58, 21, 60, 33]
  [94, 82, 91, 39, 51, 29, 26, 30, 26, 39, 52]
  ICI: 0.1011
  ASI: 0.0001
  TVA: 0.2148
  H-score: 0.3169
  Item-wise Gini: [0.043, 0.022, 0.027, 0.016, 0.177, 0.134, 0.198, 0.136, 0.066, 0.080, 0.202]
  Max pairwise normalized dot product: 0.972

High Value Matrix 19:
  [98, 84, 99, 33, 21, 50, 53, 36, 32, 32, 60]
  [95, 99, 100, 46, 42, 23, 44, 22, 45, 32, 23]
  [99, 80, 87, 45, 33, 28, 50, 51, 20, 27, 50]
  ICI: 0.0994
  ASI: 0.0002
  TVA: 0.1504
  H-score: 0.2546
  Item-wise Gini: [0.013, 0.048, 0.030, 0.079, 0.154, 0.167, 0.030, 0.180, 0.174, 0.037, 0.175]
  Max pairwise normalized dot product: 0.983

High Value Matrix 20:
  [83, 90, 82, 26, 34, 34, 28, 45, 59, 39, 29]
  [87, 95, 99, 43, 25, 42, 37, 32, 60, 32, 41]
  [97, 99, 99, 60, 49, 53, 34, 60, 30, 27, 30]
  ICI: 0.0919
  ASI: 0.0000
  TVA: 0.1578
  H-score: 0.2499
  Item-wise Gini: [0.008, 0.012, 0.025, 0.145, 0.128, 0.065, 0.046, 0.116, 0.158, 0.114, 0.087]
  Max pairwise normalized dot product: 0.987

High Value Matrix 21:
  [96, 93, 94, 48, 57, 46, 31, 32, 23, 21, 55]
  [86, 100, 97, 26, 54, 38, 23, 45, 45, 28, 32]
  [92, 100, 84, 21, 45, 35, 54, 35, 49, 22, 53]
  ICI: 0.0878
  ASI: 0.0000
  TVA: 0.1580
  H-score: 0.2467
  Item-wise Gini: [0.016, 0.024, 0.038, 0.186, 0.049, 0.059, 0.187, 0.086, 0.148, 0.074, 0.102]
  Max pairwise normalized dot product: 0.976

High Value Matrix 22:
  [90, 87, 82, 37, 23, 37, 28, 58, 54, 54, 24]
  [88, 96, 89, 54, 60, 56, 35, 56, 28, 59, 56]
  [91, 93, 95, 30, 48, 51, 21, 20, 36, 24, 37]
  ICI: 0.1155
  ASI: 0.0027
  TVA: 0.1547
  H-score: 0.3238
  Item-wise Gini: [0.054, 0.041, 0.063, 0.083, 0.149, 0.080, 0.064, 0.195, 0.175, 0.148, 0.142]
  Max pairwise normalized dot product: 0.960

High Value Matrix 23:
  [88, 82, 96, 36, 28, 39, 45, 24, 31, 44, 24]
  [84, 87, 87, 27, 40, 55, 60, 39, 21, 52, 41]
  [83, 80, 100, 24, 53, 58, 28, 43, 60, 49, 46]
  ICI: 0.0960
  ASI: 0.0006
  TVA: 0.1530
  H-score: 0.2610
  Item-wise Gini: [0.047, 0.038, 0.044, 0.126, 0.107, 0.052, 0.163, 0.090, 0.214, 0.025, 0.103]
  Max pairwise normalized dot product: 0.980

High Value Matrix 24:
  [96, 99, 100, 51, 33, 26, 47, 44, 27, 29, 27]
  [96, 91, 81, 20, 25, 36, 34, 46, 55, 37, 22]
  [100, 80, 90, 45, 24, 32, 33, 47, 58, 30, 42]
  ICI: 0.0792
  ASI: 0.0003
  TVA: 0.1444
  H-score: 0.2291
  Item-wise Gini: [0.014, 0.047, 0.033, 0.169, 0.072, 0.086, 0.081, 0.024, 0.147, 0.071, 0.133]
  Max pairwise normalized dot product: 0.982

High Value Matrix 25:
  [91, 88, 86, 33, 59, 46, 41, 36, 52, 34, 47]
  [82, 80, 92, 47, 44, 22, 38, 58, 22, 45, 41]
  [87, 89, 85, 41, 52, 37, 56, 53, 50, 39, 54]
  ICI: 0.0756
  ASI: 0.0008
  TVA: 0.1107
  H-score: 0.2030
  Item-wise Gini: [0.021, 0.008, 0.044, 0.095, 0.050, 0.142, 0.062, 0.118, 0.153, 0.080, 0.035]
  Max pairwise normalized dot product: 0.990

High Value Matrix 26:
  [86, 86, 86, 58, 24, 20, 44, 21, 48, 46, 49]
  [89, 95, 96, 46, 58, 39, 27, 45, 33, 30, 22]
  [84, 100, 94, 45, 21, 21, 29, 26, 33, 52, 43]
  ICI: 0.1067
  ASI: 0.0004
  TVA: 0.2430
  H-score: 0.3571
  Item-wise Gini: [0.003, 0.042, 0.027, 0.058, 0.228, 0.152, 0.116, 0.167, 0.091, 0.126, 0.159]
  Max pairwise normalized dot product: 0.986

High Value Matrix 27:
  [98, 94, 99, 39, 59, 29, 37, 42, 44, 58, 53]
  [95, 98, 97, 20, 44, 47, 40, 54, 28, 46, 57]
  [94, 95, 90, 39, 49, 48, 55, 50, 54, 23, 24]
  ICI: 0.0880
  ASI: 0.0001
  TVA: 0.0983
  H-score: 0.1885
  Item-wise Gini: [0.002, 0.018, 0.015, 0.133, 0.056, 0.111, 0.101, 0.063, 0.141, 0.174, 0.166]
  Max pairwise normalized dot product: 0.983

High Value Matrix 28:
  [83, 89, 83, 57, 39, 20, 51, 34, 30, 22, 42]
  [88, 95, 87, 42, 30, 54, 41, 28, 49, 38, 40]
  [98, 82, 96, 36, 42, 40, 24, 40, 44, 54, 53]
  ICI: 0.0968
  ASI: 0.0003
  TVA: 0.1641
  H-score: 0.2665
  Item-wise Gini: [0.018, 0.040, 0.016, 0.127, 0.071, 0.189, 0.176, 0.070, 0.090, 0.168, 0.056]
  Max pairwise normalized dot product: 0.980

High Value Matrix 29:
  [96, 91, 82, 56, 32, 48, 50, 35, 21, 26, 23]
  [92, 89, 94, 24, 40, 33, 31, 20, 57, 39, 53]
  [88, 87, 97, 31, 60, 48, 27, 36, 23, 60, 29]
  ICI: 0.1223
  ASI: 0.0000
  TVA: 0.2438
  H-score: 0.3669
  Item-wise Gini: [0.029, 0.020, 0.027, 0.199, 0.131, 0.083, 0.152, 0.116, 0.235, 0.172, 0.188]
  Max pairwise normalized dot product: 0.959

High Value Matrix 30:
  [81, 90, 83, 44, 31, 48, 57, 46, 35, 24, 52]
  [94, 96, 82, 24, 47, 27, 37, 41, 34, 28, 54]
  [84, 88, 88, 53, 39, 42, 56, 37, 55, 39, 30]
  ICI: 0.0834
  ASI: 0.0009
  TVA: 0.1363
  H-score: 0.2373
  Item-wise Gini: [0.045, 0.037, 0.008, 0.145, 0.103, 0.112, 0.081, 0.055, 0.098, 0.100, 0.134]
  Max pairwise normalized dot product: 0.982

High Value Matrix 31:
  [86, 89, 89, 55, 26, 42, 33, 42, 34, 36, 35]
  [86, 81, 100, 54, 49, 49, 57, 26, 20, 21, 24]
  [88, 86, 85, 37, 45, 59, 46, 48, 33, 30, 52]
  ICI: 0.0893
  ASI: 0.0012
  TVA: 0.1161
  H-score: 0.2297
  Item-wise Gini: [0.011, 0.024, 0.052, 0.096, 0.131, 0.059, 0.120, 0.111, 0.110, 0.118, 0.152]
  Max pairwise normalized dot product: 0.980

High Value Matrix 32:
  [82, 99, 97, 57, 45, 59, 43, 54, 48, 24, 24]
  [84, 90, 85, 28, 34, 24, 49, 37, 28, 45, 43]
  [92, 87, 83, 23, 20, 31, 42, 42, 29, 57, 54]
  ICI: 0.1145
  ASI: 0.0002
  TVA: 0.2440
  H-score: 0.3632
  Item-wise Gini: [0.051, 0.013, 0.010, 0.179, 0.140, 0.171, 0.062, 0.052, 0.092, 0.192, 0.183]
  Max pairwise normalized dot product: 0.990

High Value Matrix 33:
  [85, 83, 98, 30, 40, 31, 38, 34, 38, 54, 46]
  [98, 97, 88, 42, 58, 25, 59, 53, 52, 51, 32]
  [82, 81, 94, 39, 44, 39, 46, 30, 29, 59, 56]
  ICI: 0.0790
  ASI: 0.0001
  TVA: 0.1770
  H-score: 0.2574
  Item-wise Gini: [0.020, 0.020, 0.051, 0.048, 0.055, 0.114, 0.069, 0.108, 0.107, 0.051, 0.134]
  Max pairwise normalized dot product: 0.994

High Value Matrix 34:
  [81, 98, 82, 43, 49, 33, 41, 27, 23, 48, 48]
  [92, 84, 84, 51, 40, 35, 27, 21, 51, 39, 21]
  [87, 95, 96, 44, 56, 24, 37, 34, 45, 29, 27]
  ICI: 0.0852
  ASI: 0.0002
  TVA: 0.1432
  H-score: 0.2330
  Item-wise Gini: [0.040, 0.023, 0.035, 0.050, 0.063, 0.091, 0.079, 0.095, 0.168, 0.108, 0.178]
  Max pairwise normalized dot product: 0.985

High Value Matrix 35:
  [99, 84, 94, 42, 42, 21, 54, 24, 22, 41, 49]
  [86, 80, 81, 22, 38, 51, 22, 42, 45, 41, 28]
  [92, 81, 82, 42, 39, 23, 20, 57, 25, 24, 22]
  ICI: 0.1186
  ASI: 0.0005
  TVA: 0.2348
  H-score: 0.3639
  Item-wise Gini: [0.027, 0.019, 0.018, 0.141, 0.018, 0.220, 0.209, 0.202, 0.177, 0.099, 0.155]
  Max pairwise normalized dot product: 0.965

High Value Matrix 36:
  [100, 93, 83, 30, 36, 30, 31, 26, 41, 25, 58]
  [96, 100, 88, 59, 34, 53, 52, 37, 55, 48, 23]
  [87, 80, 100, 58, 59, 40, 33, 41, 30, 31, 30]
  ICI: 0.1103
  ASI: 0.0006
  TVA: 0.2215
  H-score: 0.3432
  Item-wise Gini: [0.046, 0.047, 0.049, 0.121, 0.145, 0.091, 0.085, 0.087, 0.109, 0.113, 0.241]
  Max pairwise normalized dot product: 0.969

High Value Matrix 37:
  [87, 98, 93, 48, 36, 25, 60, 34, 32, 51, 44]
  [98, 85, 94, 34, 46, 59, 56, 40, 44, 48, 46]
  [93, 92, 81, 58, 23, 53, 54, 23, 55, 40, 54]
  ICI: 0.0793
  ASI: 0.0004
  TVA: 0.1125
  H-score: 0.2008
  Item-wise Gini: [0.012, 0.046, 0.037, 0.120, 0.136, 0.153, 0.031, 0.107, 0.113, 0.060, 0.045]
  Max pairwise normalized dot product: 0.978

High Value Matrix 38:
  [86, 96, 80, 50, 41, 26, 29, 60, 37, 24, 59]
  [85, 89, 100, 44, 29, 51, 52, 31, 58, 29, 60]
  [95, 93, 92, 30, 33, 27, 32, 55, 58, 45, 46]
  ICI: 0.0905
  ASI: 0.0001
  TVA: 0.1665
  H-score: 0.2589
  Item-wise Gini: [0.033, 0.031, 0.035, 0.116, 0.092, 0.145, 0.121, 0.145, 0.087, 0.138, 0.060]
  Max pairwise normalized dot product: 0.978

High Value Matrix 39:
  [91, 99, 86, 48, 34, 47, 39, 58, 26, 38, 31]
  [92, 96, 94, 47, 34, 54, 21, 48, 31, 47, 21]
  [89, 80, 94, 48, 29, 21, 43, 40, 46, 38, 41]
  ICI: 0.0762
  ASI: 0.0003
  TVA: 0.1089
  H-score: 0.1902
  Item-wise Gini: [0.007, 0.036, 0.030, 0.011, 0.029, 0.178, 0.150, 0.072, 0.140, 0.053, 0.151]
  Max pairwise normalized dot product: 0.990

High Value Matrix 40:
  [83, 81, 85, 46, 37, 21, 43, 37, 21, 37, 45]
  [84, 87, 88, 28, 60, 59, 26, 22, 50, 57, 50]
  [90, 85, 91, 58, 36, 20, 30, 23, 25, 38, 37]
  ICI: 0.1078
  ASI: 0.0007
  TVA: 0.2701
  H-score: 0.3927
  Item-wise Gini: [0.045, 0.025, 0.038, 0.175, 0.087, 0.227, 0.140, 0.149, 0.169, 0.069, 0.041]
  Max pairwise normalized dot product: 0.990

High Value Matrix 41:
  [83, 88, 83, 43, 51, 59, 23, 33, 37, 28, 43]
  [99, 100, 93, 32, 36, 58, 55, 41, 52, 42, 27]
  [93, 83, 98, 49, 35, 42, 49, 20, 47, 44, 51]
  ICI: 0.0894
  ASI: 0.0001
  TVA: 0.1153
  H-score: 0.2057
  Item-wise Gini: [0.016, 0.032, 0.022, 0.096, 0.107, 0.088, 0.149, 0.137, 0.051, 0.082, 0.136]
  Max pairwise normalized dot product: 0.978

High Value Matrix 42:
  [91, 92, 99, 41, 20, 21, 44, 50, 42, 42, 30]
  [92, 96, 98, 28, 47, 24, 36, 59, 50, 56, 48]
  [81, 96, 98, 46, 24, 53, 23, 38, 45, 37, 41]
  ICI: 0.0931
  ASI: 0.0003
  TVA: 0.1815
  H-score: 0.2796
  Item-wise Gini: [0.030, 0.019, 0.025, 0.119, 0.174, 0.219, 0.144, 0.075, 0.016, 0.073, 0.078]
  Max pairwise normalized dot product: 0.982

High Value Matrix 43:
  [86, 87, 85, 50, 29, 56, 43, 20, 56, 38, 27]
  [98, 99, 100, 40, 27, 49, 51, 51, 46, 33, 50]
  [87, 93, 95, 56, 52, 25, 46, 45, 58, 24, 58]
  ICI: 0.0907
  ASI: 0.0001
  TVA: 0.1288
  H-score: 0.2218
  Item-wise Gini: [0.024, 0.012, 0.012, 0.072, 0.152, 0.182, 0.021, 0.161, 0.066, 0.122, 0.136]
  Max pairwise normalized dot product: 0.978

High Value Matrix 44:
  [93, 82, 100, 24, 33, 52, 36, 28, 22, 21, 50]
  [99, 98, 90, 32, 59, 40, 40, 23, 45, 33, 32]
  [95, 97, 97, 58, 29, 43, 47, 22, 48, 52, 41]
  ICI: 0.0961
  ASI: 0.0007
  TVA: 0.1889
  H-score: 0.2991
  Item-wise Gini: [0.028, 0.020, 0.044, 0.167, 0.173, 0.082, 0.026, 0.089, 0.123, 0.165, 0.121]
  Max pairwise normalized dot product: 0.975

High Value Matrix 45:
  [100, 93, 86, 34, 48, 31, 22, 39, 43, 59, 52]
  [85, 97, 81, 31, 51, 51, 49, 48, 43, 60, 32]
  [87, 92, 82, 29, 20, 58, 59, 24, 44, 26, 27]
  ICI: 0.0950
  ASI: 0.0014
  TVA: 0.1151
  H-score: 0.2388
  Item-wise Gini: [0.043, 0.021, 0.033, 0.028, 0.151, 0.153, 0.215, 0.118, 0.036, 0.138, 0.131]
  Max pairwise normalized dot product: 0.977

High Value Matrix 46:
  [90, 98, 87, 31, 40, 50, 30, 43, 56, 29, 45]
  [97, 88, 80, 26, 32, 38, 45, 25, 53, 37, 53]
  [89, 86, 81, 42, 36, 24, 58, 47, 21, 32, 43]
  ICI: 0.0844
  ASI: 0.0000
  TVA: 0.1358
  H-score: 0.2211
  Item-wise Gini: [0.026, 0.015, 0.009, 0.116, 0.039, 0.140, 0.154, 0.135, 0.167, 0.063, 0.047]
  Max pairwise normalized dot product: 0.986

High Value Matrix 47:
  [91, 86, 93, 36, 59, 42, 52, 53, 54, 49, 22]
  [96, 94, 91, 55, 30, 60, 25, 58, 50, 40, 41]
  [99, 80, 83, 38, 49, 33, 48, 37, 48, 36, 29]
  ICI: 0.0839
  ASI: 0.0001
  TVA: 0.1481
  H-score: 0.2338
  Item-wise Gini: [0.040, 0.019, 0.006, 0.094, 0.136, 0.113, 0.143, 0.075, 0.018, 0.049, 0.132]
  Max pairwise normalized dot product: 0.991

High Value Matrix 48:
  [95, 97, 89, 57, 26, 39, 26, 32, 55, 54, 22]
  [100, 88, 97, 41, 27, 20, 46, 38, 53, 59, 32]
  [81, 88, 87, 22, 59, 59, 30, 42, 42, 41, 50]
  ICI: 0.1099
  ASI: 0.0007
  TVA: 0.2101
  H-score: 0.3336
  Item-wise Gini: [0.046, 0.025, 0.024, 0.198, 0.193, 0.219, 0.128, 0.056, 0.061, 0.078, 0.177]
  Max pairwise normalized dot product: 0.983

High Value Matrix 49:
  [82, 96, 85, 22, 27, 58, 26, 31, 50, 34, 25]
  [100, 81, 96, 42, 55, 43, 21, 58, 33, 26, 28]
  [86, 85, 99, 48, 47, 46, 38, 28, 46, 57, 24]
  ICI: 0.0988
  ASI: 0.0007
  TVA: 0.1940
  H-score: 0.3059
  Item-wise Gini: [0.042, 0.058, 0.008, 0.133, 0.132, 0.089, 0.122, 0.174, 0.108, 0.164, 0.041]
  Max pairwise normalized dot product: 0.972

High Value Matrix 50:
  [86, 97, 89, 40, 21, 26, 46, 26, 21, 32, 24]
  [98, 95, 97, 21, 42, 60, 23, 36, 28, 44, 28]
  [83, 93, 84, 55, 42, 36, 28, 34, 29, 28, 20]
  ICI: 0.0969
  ASI: 0.0003
  TVA: 0.1632
  H-score: 0.2658
  Item-wise Gini: [0.021, 0.031, 0.023, 0.203, 0.129, 0.160, 0.183, 0.048, 0.061, 0.084, 0.057]
  Max pairwise normalized dot product: 0.980

High Value Matrix 51:
  [96, 84, 95, 46, 57, 26, 39, 37, 51, 47, 57]
  [80, 100, 94, 32, 31, 46, 32, 45, 21, 45, 44]
  [95, 82, 95, 34, 39, 38, 46, 28, 27, 48, 47]
  ICI: 0.0805
  ASI: 0.0004
  TVA: 0.1743
  H-score: 0.2625
  Item-wise Gini: [0.035, 0.064, 0.021, 0.058, 0.112, 0.142, 0.079, 0.110, 0.177, 0.025, 0.034]
  Max pairwise normalized dot product: 0.984

High Value Matrix 52:
  [94, 99, 88, 48, 28, 35, 60, 20, 56, 43, 30]
  [88, 94, 80, 27, 57, 43, 32, 60, 23, 52, 27]
  [82, 85, 83, 51, 41, 50, 35, 50, 31, 26, 43]
  ICI: 0.1132
  ASI: 0.0007
  TVA: 0.1960
  H-score: 0.3224
  Item-wise Gini: [0.021, 0.025, 0.014, 0.131, 0.158, 0.087, 0.139, 0.208, 0.192, 0.143, 0.110]
  Max pairwise normalized dot product: 0.971

High Value Matrix 53:
  [88, 100, 88, 50, 44, 25, 50, 37, 22, 34, 49]
  [90, 90, 99, 28, 29, 46, 44, 57, 23, 55, 52]
  [97, 96, 95, 35, 49, 20, 35, 39, 25, 60, 30]
  ICI: 0.0850
  ASI: 0.0003
  TVA: 0.1516
  H-score: 0.2425
  Item-wise Gini: [0.029, 0.033, 0.019, 0.138, 0.119, 0.178, 0.077, 0.089, 0.031, 0.120, 0.101]
  Max pairwise normalized dot product: 0.978

High Value Matrix 54:
  [97, 88, 93, 58, 29, 47, 57, 56, 29, 43, 47]
  [96, 86, 95, 25, 22, 35, 43, 28, 59, 60, 34]
  [97, 98, 91, 54, 50, 28, 59, 39, 40, 20, 47]
  ICI: 0.1056
  ASI: 0.0007
  TVA: 0.1646
  H-score: 0.2845
  Item-wise Gini: [0.020, 0.031, 0.027, 0.143, 0.174, 0.105, 0.054, 0.131, 0.178, 0.234, 0.055]
  Max pairwise normalized dot product: 0.978

High Value Matrix 55:
  [86, 96, 84, 56, 57, 43, 50, 40, 22, 46, 32]
  [82, 80, 88, 36, 36, 30, 49, 51, 55, 33, 49]
  [100, 89, 90, 35, 32, 59, 35, 50, 33, 26, 38]
  ICI: 0.0945
  ASI: 0.0005
  TVA: 0.1981
  H-score: 0.3027
  Item-wise Gini: [0.046, 0.032, 0.024, 0.100, 0.123, 0.149, 0.070, 0.060, 0.206, 0.117, 0.103]
  Max pairwise normalized dot product: 0.972

High Value Matrix 56:
  [96, 99, 100, 34, 47, 38, 51, 37, 23, 21, 34]
  [86, 86, 92, 54, 42, 20, 31, 57, 54, 42, 24]
  [93, 98, 94, 33, 36, 45, 48, 36, 60, 33, 44]
  ICI: 0.0979
  ASI: 0.0006
  TVA: 0.1532
  H-score: 0.2631
  Item-wise Gini: [0.028, 0.034, 0.029, 0.126, 0.073, 0.149, 0.108, 0.118, 0.167, 0.146, 0.118]
  Max pairwise normalized dot product: 0.978

High Value Matrix 57:
  [80, 99, 99, 44, 53, 58, 28, 43, 37, 54, 30]
  [89, 83, 90, 25, 43, 59, 23, 52, 46, 44, 59]
  [83, 85, 85, 34, 59, 26, 55, 30, 39, 56, 45]
  ICI: 0.0916
  ASI: 0.0000
  TVA: 0.1577
  H-score: 0.2501
  Item-wise Gini: [0.028, 0.035, 0.024, 0.117, 0.075, 0.151, 0.209, 0.113, 0.053, 0.058, 0.146]
  Max pairwise normalized dot product: 0.976

High Value Matrix 58:
  [80, 89, 87, 50, 24, 50, 57, 53, 23, 42, 52]
  [81, 88, 96, 32, 29, 55, 52, 32, 34, 22, 33]
  [89, 84, 83, 53, 44, 21, 22, 42, 46, 27, 27]
  ICI: 0.1112
  ASI: 0.0008
  TVA: 0.1784
  H-score: 0.3045
  Item-wise Gini: [0.051, 0.018, 0.042, 0.114, 0.162, 0.182, 0.155, 0.088, 0.172, 0.124, 0.121]
  Max pairwise normalized dot product: 0.977

High Value Matrix 59:
  [94, 83, 94, 60, 52, 37, 23, 53, 25, 55, 29]
  [81, 97, 98, 26, 39, 55, 29, 43, 23, 35, 45]
  [81, 82, 81, 58, 35, 58, 24, 55, 21, 40, 26]
  ICI: 0.0752
  ASI: 0.0001
  TVA: 0.1432
  H-score: 0.2212
  Item-wise Gini: [0.020, 0.048, 0.039, 0.155, 0.073, 0.108, 0.065, 0.058, 0.022, 0.088, 0.125]
  Max pairwise normalized dot product: 0.985

High Value Matrix 60:
  [89, 94, 89, 21, 26, 58, 30, 25, 36, 52, 50]
  [81, 84, 90, 58, 52, 21, 27, 44, 53, 56, 23]
  [89, 100, 90, 25, 53, 47, 26, 31, 40, 32, 51]
  ICI: 0.1039
  ASI: 0.0003
  TVA: 0.1427
  H-score: 0.2520
  Item-wise Gini: [0.028, 0.040, 0.005, 0.231, 0.134, 0.202, 0.038, 0.120, 0.081, 0.111, 0.152]
  Max pairwise normalized dot product: 0.982

High Value Matrix 61:
  [98, 83, 86, 30, 38, 34, 32, 47, 27, 44, 42]
  [86, 86, 96, 53, 30, 56, 37, 39, 58, 58, 20]
  [99, 87, 92, 52, 21, 39, 22, 58, 50, 46, 20]
  ICI: 0.0921
  ASI: 0.0005
  TVA: 0.1627
  H-score: 0.2642
  Item-wise Gini: [0.049, 0.015, 0.005, 0.103, 0.140, 0.091, 0.096, 0.098, 0.134, 0.041, 0.201]
  Max pairwise normalized dot product: 0.983

High Value Matrix 62:
  [95, 80, 99, 23, 24, 55, 25, 38, 42, 57, 44]
  [96, 91, 91, 30, 59, 41, 46, 45, 54, 48, 22]
  [96, 96, 82, 48, 60, 27, 54, 47, 45, 22, 57]
  ICI: 0.1090
  ASI: 0.0004
  TVA: 0.1384
  H-score: 0.2564
  Item-wise Gini: [0.017, 0.021, 0.061, 0.148, 0.155, 0.171, 0.139, 0.028, 0.046, 0.201, 0.181]
  Max pairwise normalized dot product: 0.968

High Value Matrix 63:
  [85, 92, 98, 40, 35, 59, 46, 60, 55, 37, 32]
  [98, 82, 82, 46, 30, 31, 54, 48, 53, 31, 58]
  [95, 90, 91, 60, 28, 28, 22, 33, 25, 32, 41]
  ICI: 0.0943
  ASI: 0.0015
  TVA: 0.1625
  H-score: 0.2860
  Item-wise Gini: [0.059, 0.047, 0.049, 0.128, 0.025, 0.143, 0.159, 0.096, 0.124, 0.032, 0.135]
  Max pairwise normalized dot product: 0.973

High Value Matrix 64:
  [81, 91, 87, 34, 34, 31, 48, 28, 23, 28, 52]
  [99, 81, 99, 35, 26, 44, 33, 41, 35, 35, 42]
  [98, 99, 96, 39, 20, 25, 46, 41, 49, 40, 40]
  ICI: 0.0770
  ASI: 0.0001
  TVA: 0.1272
  H-score: 0.2054
  Item-wise Gini: [0.031, 0.038, 0.016, 0.015, 0.138, 0.132, 0.093, 0.068, 0.142, 0.056, 0.082]
  Max pairwise normalized dot product: 0.986

High Value Matrix 65:
  [95, 94, 92, 31, 53, 46, 20, 59, 38, 26, 34]
  [82, 86, 91, 38, 58, 28, 59, 39, 34, 23, 40]
  [89, 80, 98, 33, 40, 23, 46, 46, 52, 33, 44]
  ICI: 0.0821
  ASI: 0.0003
  TVA: 0.1665
  H-score: 0.2543
  Item-wise Gini: [0.029, 0.034, 0.016, 0.050, 0.082, 0.156, 0.211, 0.089, 0.095, 0.079, 0.058]
  Max pairwise normalized dot product: 0.984

High Value Matrix 66:
  [94, 83, 98, 32, 22, 40, 60, 43, 35, 47, 45]
  [84, 84, 89, 23, 36, 26, 45, 21, 25, 23, 24]
  [87, 88, 98, 44, 30, 22, 26, 38, 52, 39, 31]
  ICI: 0.1098
  ASI: 0.0007
  TVA: 0.1894
  H-score: 0.3124
  Item-wise Gini: [0.025, 0.051, 0.028, 0.116, 0.154, 0.113, 0.148, 0.102, 0.136, 0.104, 0.093]
  Max pairwise normalized dot product: 0.975

High Value Matrix 67:
  [96, 100, 99, 36, 23, 23, 34, 42, 28, 29, 32]
  [89, 82, 97, 45, 56, 50, 35, 29, 41, 28, 31]
  [100, 91, 81, 60, 28, 34, 38, 53, 30, 49, 21]
  ICI: 0.0965
  ASI: 0.0007
  TVA: 0.2013
  H-score: 0.3116
  Item-wise Gini: [0.033, 0.061, 0.060, 0.098, 0.192, 0.155, 0.017, 0.125, 0.073, 0.129, 0.104]
  Max pairwise normalized dot product: 0.976

High Value Matrix 68:
  [82, 93, 100, 40, 22, 46, 45, 41, 34, 35, 29]
  [82, 99, 95, 41, 42, 55, 60, 43, 33, 47, 41]
  [99, 86, 86, 53, 43, 26, 58, 24, 45, 57, 49]
  ICI: 0.0839
  ASI: 0.0006
  TVA: 0.1235
  H-score: 0.2187
  Item-wise Gini: [0.046, 0.039, 0.056, 0.062, 0.115, 0.143, 0.037, 0.127, 0.073, 0.086, 0.093]
  Max pairwise normalized dot product: 0.989

High Value Matrix 69:
  [80, 91, 96, 24, 20, 21, 42, 35, 28, 28, 60]
  [96, 90, 99, 24, 60, 35, 55, 22, 52, 23, 45]
  [96, 95, 92, 40, 38, 23, 39, 54, 26, 37, 21]
  ICI: 0.1163
  ASI: 0.0002
  TVA: 0.2477
  H-score: 0.3675
  Item-wise Gini: [0.026, 0.032, 0.025, 0.133, 0.200, 0.087, 0.061, 0.199, 0.144, 0.117, 0.226]
  Max pairwise normalized dot product: 0.962

High Value Matrix 70:
  [85, 99, 84, 21, 22, 42, 26, 50, 25, 43, 56]
  [91, 87, 84, 23, 28, 60, 20, 41, 47, 52, 35]
  [94, 80, 85, 47, 57, 53, 51, 24, 55, 39, 44]
  ICI: 0.1135
  ASI: 0.0018
  TVA: 0.2276
  H-score: 0.3770
  Item-wise Gini: [0.015, 0.075, 0.026, 0.160, 0.189, 0.074, 0.187, 0.174, 0.131, 0.085, 0.114]
  Max pairwise normalized dot product: 0.977

High Value Matrix 71:
  [84, 86, 80, 59, 27, 40, 42, 49, 37, 20, 27]
  [95, 82, 99, 46, 33, 49, 24, 22, 32, 39, 60]
  [93, 98, 95, 27, 36, 55, 45, 57, 54, 58, 28]
  ICI: 0.1129
  ASI: 0.0003
  TVA: 0.1799
  H-score: 0.2995
  Item-wise Gini: [0.028, 0.022, 0.036, 0.191, 0.032, 0.035, 0.124, 0.158, 0.092, 0.185, 0.204]
  Max pairwise normalized dot product: 0.964

High Value Matrix 72:
  [90, 80, 89, 35, 36, 50, 27, 48, 39, 59, 29]
  [96, 98, 95, 28, 42, 53, 51, 26, 31, 23, 34]
  [84, 92, 84, 40, 36, 42, 59, 50, 22, 53, 53]
  ICI: 0.0899
  ASI: 0.0011
  TVA: 0.1229
  H-score: 0.2346
  Item-wise Gini: [0.043, 0.047, 0.041, 0.063, 0.049, 0.064, 0.143, 0.119, 0.133, 0.180, 0.124]
  Max pairwise normalized dot product: 0.971

High Value Matrix 73:
  [93, 90, 98, 53, 41, 60, 38, 54, 25, 57, 47]
  [92, 93, 96, 21, 37, 43, 54, 33, 52, 37, 55]
  [89, 97, 89, 28, 59, 27, 52, 22, 20, 36, 35]
  ICI: 0.1116
  ASI: 0.0014
  TVA: 0.2340
  H-score: 0.3732
  Item-wise Gini: [0.028, 0.054, 0.016, 0.187, 0.134, 0.135, 0.100, 0.162, 0.204, 0.083, 0.079]
  Max pairwise normalized dot product: 0.971

High Value Matrix 74:
  [81, 96, 93, 60, 31, 42, 27, 24, 55, 47, 46]
  [83, 87, 91, 41, 60, 55, 23, 28, 51, 34, 23]
  [88, 92, 82, 34, 35, 47, 26, 45, 47, 33, 55]
  ICI: 0.0798
  ASI: 0.0002
  TVA: 0.1751
  H-score: 0.2584
  Item-wise Gini: [0.025, 0.012, 0.026, 0.121, 0.163, 0.070, 0.025, 0.150, 0.028, 0.074, 0.172]
  Max pairwise normalized dot product: 0.978

High Value Matrix 75:
  [89, 98, 90, 26, 34, 44, 55, 55, 26, 45, 23]
  [99, 87, 96, 42, 29, 33, 43, 42, 24, 35, 30]
  [91, 91, 86, 21, 60, 26, 50, 24, 24, 58, 38]
  ICI: 0.0892
  ASI: 0.0000
  TVA: 0.1925
  H-score: 0.2824
  Item-wise Gini: [0.034, 0.017, 0.028, 0.162, 0.166, 0.109, 0.044, 0.164, 0.012, 0.109, 0.115]
  Max pairwise normalized dot product: 0.985

High Value Matrix 76:
  [96, 99, 92, 46, 29, 54, 37, 22, 34, 41, 29]
  [89, 87, 99, 36, 41, 44, 51, 46, 53, 32, 31]
  [96, 99, 81, 28, 48, 20, 60, 50, 42, 51, 45]
  ICI: 0.0965
  ASI: 0.0005
  TVA: 0.1422
  H-score: 0.2495
  Item-wise Gini: [0.028, 0.040, 0.047, 0.124, 0.094, 0.206, 0.090, 0.146, 0.088, 0.096, 0.086]
  Max pairwise normalized dot product: 0.977

High Value Matrix 77:
  [88, 99, 87, 21, 54, 46, 58, 60, 55, 53, 55]
  [86, 91, 83, 58, 33, 44, 55, 54, 48, 43, 45]
  [93, 93, 96, 24, 50, 43, 24, 54, 55, 36, 46]
  ICI: 0.0705
  ASI: 0.0011
  TVA: 0.1287
  H-score: 0.2217
  Item-wise Gini: [0.034, 0.014, 0.044, 0.247, 0.094, 0.006, 0.148, 0.011, 0.040, 0.065, 0.033]
  Max pairwise normalized dot product: 0.982

High Value Matrix 78:
  [92, 99, 88, 30, 60, 33, 40, 24, 31, 45, 32]
  [80, 92, 90, 35, 29, 51, 36, 48, 56, 42, 48]
  [88, 100, 95, 26, 26, 50, 37, 37, 28, 21, 44]
  ICI: 0.0896
  ASI: 0.0014
  TVA: 0.1533
  H-score: 0.2715
  Item-wise Gini: [0.042, 0.039, 0.034, 0.045, 0.192, 0.095, 0.035, 0.132, 0.141, 0.145, 0.074]
  Max pairwise normalized dot product: 0.979

High Value Matrix 79:
  [98, 100, 88, 46, 32, 32, 35, 20, 26, 28, 60]
  [84, 82, 91, 41, 42, 26, 57, 35, 30, 46, 35]
  [95, 84, 88, 43, 36, 27, 54, 27, 20, 59, 40]
  ICI: 0.0735
  ASI: 0.0008
  TVA: 0.1415
  H-score: 0.2305
  Item-wise Gini: [0.035, 0.047, 0.009, 0.027, 0.059, 0.049, 0.099, 0.121, 0.089, 0.153, 0.125]
  Max pairwise normalized dot product: 0.993

High Value Matrix 80:
  [98, 85, 87, 33, 22, 35, 37, 53, 45, 46, 46]
  [100, 96, 98, 52, 53, 46, 54, 47, 53, 58, 60]
  [84, 80, 97, 39, 38, 51, 38, 21, 49, 49, 33]
  ICI: 0.0866
  ASI: 0.0014
  TVA: 0.1499
  H-score: 0.2647
  Item-wise Gini: [0.041, 0.017, 0.045, 0.055, 0.137, 0.090, 0.040, 0.187, 0.030, 0.017, 0.081]
  Max pairwise normalized dot product: 0.985

High Value Matrix 81:
  [96, 89, 96, 59, 26, 51, 31, 32, 30, 39, 49]
  [99, 89, 86, 22, 37, 45, 40, 20, 25, 41, 56]
  [94, 80, 86, 59, 35, 55, 53, 32, 33, 26, 47]
  ICI: 0.0693
  ASI: 0.0006
  TVA: 0.0701
  H-score: 0.1516
  Item-wise Gini: [0.027, 0.039, 0.025, 0.168, 0.090, 0.029, 0.115, 0.083, 0.046, 0.110, 0.055]
  Max pairwise normalized dot product: 0.988

High Value Matrix 82:
  [84, 89, 94, 31, 26, 33, 51, 31, 29, 27, 40]
  [92, 84, 97, 59, 36, 50, 59, 51, 34, 49, 50]
  [81, 87, 86, 46, 56, 53, 35, 44, 42, 26, 33]
  ICI: 0.0922
  ASI: 0.0013
  TVA: 0.1715
  H-score: 0.2905
  Item-wise Gini: [0.030, 0.059, 0.042, 0.093, 0.156, 0.083, 0.098, 0.061, 0.075, 0.118, 0.063]
  Max pairwise normalized dot product: 0.980

High Value Matrix 83:
  [86, 93, 98, 42, 55, 26, 40, 28, 36, 41, 25]
  [90, 98, 81, 58, 30, 48, 37, 33, 60, 26, 27]
  [86, 83, 93, 52, 33, 33, 28, 35, 50, 48, 58]
  ICI: 0.0908
  ASI: 0.0004
  TVA: 0.1765
  H-score: 0.2752
  Item-wise Gini: [0.014, 0.040, 0.049, 0.064, 0.150, 0.132, 0.087, 0.038, 0.104, 0.122, 0.189]
  Max pairwise normalized dot product: 0.970

High Value Matrix 84:
  [97, 82, 97, 30, 49, 58, 42, 48, 50, 38, 46]
  [96, 96, 86, 23, 34, 33, 24, 35, 55, 20, 56]
  [89, 96, 90, 20, 36, 52, 34, 26, 41, 23, 30]
  ICI: 0.0882
  ASI: 0.0021
  TVA: 0.1646
  H-score: 0.2940
  Item-wise Gini: [0.027, 0.070, 0.022, 0.052, 0.052, 0.102, 0.089, 0.096, 0.058, 0.115, 0.130]
  Max pairwise normalized dot product: 0.983

High Value Matrix 85:
  [82, 81, 96, 54, 58, 22, 45, 26, 29, 23, 42]
  [88, 97, 86, 45, 56, 30, 39, 47, 38, 34, 47]
  [91, 98, 86, 34, 58, 20, 49, 60, 25, 55, 26]
  ICI: 0.0833
  ASI: 0.0006
  TVA: 0.1458
  H-score: 0.2418
  Item-wise Gini: [0.009, 0.025, 0.044, 0.118, 0.027, 0.088, 0.051, 0.158, 0.090, 0.177, 0.117]
  Max pairwise normalized dot product: 0.985

High Value Matrix 86:
  [83, 96, 83, 38, 50, 58, 20, 48, 50, 47, 42]
  [95, 90, 80, 53, 49, 42, 24, 30, 27, 24, 34]
  [95, 92, 84, 55, 46, 53, 32, 28, 46, 40, 28]
  ICI: 0.0731
  ASI: 0.0008
  TVA: 0.1128
  H-score: 0.2020
  Item-wise Gini: [0.055, 0.015, 0.017, 0.093, 0.034, 0.045, 0.107, 0.116, 0.103, 0.116, 0.081]
  Max pairwise normalized dot product: 0.990

High Value Matrix 87:
  [82, 92, 84, 51, 42, 36, 53, 45, 60, 52, 47]
  [99, 87, 90, 43, 25, 45, 25, 48, 30, 35, 31]
  [80, 81, 89, 53, 58, 29, 44, 48, 42, 43, 50]
  ICI: 0.0832
  ASI: 0.0024
  TVA: 0.1322
  H-score: 0.2639
  Item-wise Gini: [0.077, 0.038, 0.047, 0.024, 0.161, 0.122, 0.126, 0.046, 0.122, 0.056, 0.081]
  Max pairwise normalized dot product: 0.989

High Value Matrix 88:
  [93, 84, 99, 43, 52, 45, 53, 41, 46, 50, 37]
  [81, 99, 96, 47, 53, 51, 29, 48, 39, 56, 58]
  [81, 99, 100, 55, 57, 31, 58, 36, 26, 36, 46]
  ICI: 0.0702
  ASI: 0.0006
  TVA: 0.1064
  H-score: 0.1882
  Item-wise Gini: [0.036, 0.042, 0.020, 0.062, 0.028, 0.095, 0.148, 0.053, 0.116, 0.084, 0.093]
  Max pairwise normalized dot product: 0.983

High Value Matrix 89:
  [93, 95, 85, 58, 31, 39, 45, 46, 45, 58, 47]
  [86, 87, 80, 50, 48, 42, 51, 52, 53, 30, 36]
  [100, 84, 95, 26, 46, 26, 36, 55, 36, 25, 21]
  ICI: 0.0918
  ASI: 0.0030
  TVA: 0.1409
  H-score: 0.2919
  Item-wise Gini: [0.060, 0.017, 0.065, 0.131, 0.112, 0.079, 0.053, 0.074, 0.062, 0.162, 0.137]
  Max pairwise normalized dot product: 0.982

High Value Matrix 90:
  [95, 89, 83, 55, 53, 28, 43, 59, 46, 56, 40]
  [81, 100, 99, 50, 37, 34, 50, 21, 30, 45, 55]
  [98, 84, 89, 41, 20, 58, 53, 24, 49, 43, 28]
  ICI: 0.1043
  ASI: 0.0011
  TVA: 0.2026
  H-score: 0.3297
  Item-wise Gini: [0.048, 0.043, 0.054, 0.042, 0.180, 0.186, 0.066, 0.225, 0.110, 0.038, 0.145]
  Max pairwise normalized dot product: 0.966

High Value Matrix 91:
  [85, 88, 99, 35, 32, 50, 23, 29, 45, 23, 53]
  [80, 80, 95, 53, 57, 25, 43, 60, 40, 29, 30]
  [100, 93, 88, 27, 45, 44, 47, 30, 50, 20, 24]
  ICI: 0.1048
  ASI: 0.0006
  TVA: 0.2037
  H-score: 0.3206
  Item-wise Gini: [0.059, 0.042, 0.029, 0.140, 0.113, 0.149, 0.142, 0.161, 0.058, 0.073, 0.185]
  Max pairwise normalized dot product: 0.972

High Value Matrix 92:
  [82, 84, 85, 49, 26, 47, 59, 33, 58, 56, 36]
  [100, 87, 86, 20, 20, 59, 58, 32, 29, 39, 31]
  [96, 94, 97, 30, 34, 48, 58, 40, 55, 47, 28]
  ICI: 0.0717
  ASI: 0.0017
  TVA: 0.1437
  H-score: 0.2492
  Item-wise Gini: [0.064, 0.028, 0.025, 0.180, 0.094, 0.074, 0.025, 0.039, 0.122, 0.061, 0.058]
  Max pairwise normalized dot product: 0.988

High Value Matrix 93:
  [81, 84, 99, 35, 39, 27, 45, 51, 57, 48, 59]
  [94, 80, 84, 56, 52, 32, 44, 26, 21, 22, 34]
  [80, 94, 80, 43, 40, 50, 43, 30, 56, 36, 33]
  ICI: 0.0980
  ASI: 0.0011
  TVA: 0.2131
  H-score: 0.3332
  Item-wise Gini: [0.065, 0.040, 0.032, 0.134, 0.097, 0.150, 0.026, 0.125, 0.169, 0.136, 0.119]
  Max pairwise normalized dot product: 0.971

High Value Matrix 94:
  [87, 97, 97, 60, 39, 26, 48, 56, 52, 41, 28]
  [93, 86, 80, 25, 55, 30, 60, 47, 23, 25, 27]
  [100, 92, 93, 28, 25, 38, 32, 47, 23, 39, 39]
  ICI: 0.1015
  ASI: 0.0005
  TVA: 0.2224
  H-score: 0.3342
  Item-wise Gini: [0.058, 0.016, 0.032, 0.174, 0.177, 0.110, 0.141, 0.011, 0.165, 0.091, 0.105]
  Max pairwise normalized dot product: 0.968

High Value Matrix 95:
  [99, 82, 96, 23, 27, 29, 39, 48, 39, 27, 28]
  [97, 90, 88, 40, 59, 24, 37, 59, 27, 29, 53]
  [97, 82, 84, 25, 37, 21, 44, 31, 49, 40, 39]
  ICI: 0.0873
  ASI: 0.0003
  TVA: 0.1960
  H-score: 0.2884
  Item-wise Gini: [0.030, 0.005, 0.046, 0.101, 0.147, 0.080, 0.058, 0.113, 0.143, 0.096, 0.113]
  Max pairwise normalized dot product: 0.985

High Value Matrix 96:
  [85, 84, 82, 43, 60, 30, 48, 45, 33, 25, 40]
  [96, 83, 93, 47, 39, 43, 43, 23, 50, 53, 29]
  [82, 98, 83, 44, 35, 40, 49, 30, 54, 55, 41]
  ICI: 0.0751
  ASI: 0.0001
  TVA: 0.1216
  H-score: 0.1996
  Item-wise Gini: [0.039, 0.033, 0.030, 0.019, 0.138, 0.069, 0.033, 0.160, 0.090, 0.140, 0.076]
  Max pairwise normalized dot product: 0.990

High Value Matrix 97:
  [82, 90, 100, 47, 29, 44, 59, 39, 38, 57, 38]
  [99, 86, 100, 57, 23, 23, 52, 35, 45, 37, 40]
  [90, 85, 98, 20, 47, 29, 49, 51, 57, 51, 51]
  ICI: 0.0856
  ASI: 0.0006
  TVA: 0.1746
  H-score: 0.2725
  Item-wise Gini: [0.052, 0.014, 0.016, 0.209, 0.151, 0.138, 0.043, 0.074, 0.087, 0.084, 0.064]
  Max pairwise normalized dot product: 0.983

High Value Matrix 98:
  [99, 100, 80, 58, 25, 32, 44, 26, 20, 57, 36]
  [92, 89, 81, 48, 32, 47, 60, 34, 29, 46, 33]
  [91, 99, 96, 36, 23, 58, 42, 38, 35, 27, 20]
  ICI: 0.0861
  ASI: 0.0010
  TVA: 0.1489
  H-score: 0.2560
  Item-wise Gini: [0.022, 0.033, 0.049, 0.100, 0.065, 0.132, 0.072, 0.087, 0.125, 0.152, 0.117]
  Max pairwise normalized dot product: 0.986

High Value Matrix 99:
  [81, 93, 89, 26, 53, 36, 54, 29, 51, 25, 30]
  [82, 85, 93, 58, 24, 57, 41, 44, 50, 35, 20]
  [80, 89, 84, 47, 29, 20, 34, 37, 56, 37, 23]
  ICI: 0.0914
  ASI: 0.0001
  TVA: 0.1714
  H-score: 0.2647
  Item-wise Gini: [0.016, 0.031, 0.002, 0.151, 0.187, 0.201, 0.093, 0.081, 0.047, 0.096, 0.097]
  Max pairwise normalized dot product: 0.977

High Value Matrix 100:
  [83, 96, 83, 24, 51, 27, 35, 47, 25, 41, 59]
  [85, 93, 94, 46, 39, 59, 28, 47, 30, 51, 28]
  [80, 80, 92, 48, 38, 33, 49, 57, 31, 36, 42]
  ICI: 0.0834
  ASI: 0.0005
  TVA: 0.1610
  H-score: 0.2539
  Item-wise Gini: [0.014, 0.046, 0.017, 0.133, 0.074, 0.169, 0.129, 0.049, 0.041, 0.072, 0.170]
  Max pairwise normalized dot product: 0.976

=== HIGH VALUE MATRIX SUMMARY ===
Total matrices: 100
Mean H-score: 0.2675
Standard deviation: 0.0507
