=== POISON MATRIX ANALYSIS ===

Poison Matrix 1:
  [3, 15, 3, 64, 33, 30, 48, 10, 64, 16, 71]
  [13, 10, 5, 53, 14, 20, 17, 78, 68, 56, 70]
  [13, 20, 19, 55, 43, 60, 34, 22, 19, 53, 21]
  ICI: 0.2299
  ASI: 0.0043
  TVA: 0.2724
  H-score: 0.5884
  Item-wise Gini: [0.241, 0.169, 0.403, 0.069, 0.230, 0.261, 0.227, 0.390, 0.210, 0.207, 0.217]
  Max pairwise normalized dot product: 0.811

Poison Matrix 2:
  [18, 12, 8, 12, 62, 18, 30, 60, 27, 13, 43]
  [1, 1, 5, 16, 39, 30, 22, 27, 73, 58, 54]
  [8, 19, 13, 64, 64, 15, 42, 63, 10, 73, 36]
  ICI: 0.2444
  ASI: 0.0014
  TVA: 0.3511
  H-score: 0.6233
  Item-wise Gini: [0.457, 0.325, 0.150, 0.319, 0.118, 0.195, 0.088, 0.176, 0.394, 0.227, 0.130]
  Max pairwise normalized dot product: 0.825

Poison Matrix 3:
  [12, 19, 12, 38, 43, 15, 17, 50, 49, 44, 59]
  [17, 12, 6, 64, 41, 16, 14, 74, 26, 24, 46]
  [7, 14, 18, 27, 38, 35, 25, 70, 38, 13, 40]
  ICI: 0.1476
  ASI: 0.0015
  TVA: 0.2872
  H-score: 0.4639
  Item-wise Gini: [0.181, 0.090, 0.236, 0.186, 0.007, 0.223, 0.144, 0.091, 0.122, 0.237, 0.066]
  Max pairwise normalized dot product: 0.919

Poison Matrix 4:
  [15, 18, 6, 50, 41, 45, 33, 50, 74, 63, 10]
  [20, 17, 8, 56, 36, 27, 16, 62, 20, 21, 23]
  [10, 14, 7, 80, 31, 80, 41, 67, 35, 73, 40]
  ICI: 0.1536
  ASI: 0.0003
  TVA: 0.2408
  H-score: 0.4009
  Item-wise Gini: [0.240, 0.135, 0.138, 0.084, 0.124, 0.144, 0.102, 0.113, 0.244, 0.154, 0.214]
  Max pairwise normalized dot product: 0.908

Poison Matrix 5:
  [16, 14, 16, 64, 48, 71, 59, 23, 52, 32, 52]
  [15, 2, 20, 39, 54, 64, 56, 21, 17, 53, 32]
  [5, 19, 10, 40, 69, 44, 20, 59, 72, 27, 42]
  ICI: 0.1755
  ASI: 0.0006
  TVA: 0.2495
  H-score: 0.4379
  Item-wise Gini: [0.211, 0.330, 0.170, 0.087, 0.098, 0.096, 0.203, 0.247, 0.258, 0.180, 0.067]
  Max pairwise normalized dot product: 0.935

Poison Matrix 6:
  [10, 4, 18, 71, 74, 38, 28, 60, 74, 10, 77]
  [9, 16, 9, 12, 31, 71, 64, 11, 11, 23, 52]
  [6, 12, 3, 75, 10, 52, 18, 74, 54, 58, 78]
  ICI: 0.2518
  ASI: 0.0003
  TVA: 0.3082
  H-score: 0.5660
  Item-wise Gini: [0.161, 0.328, 0.285, 0.242, 0.323, 0.229, 0.359, 0.265, 0.260, 0.323, 0.015]
  Max pairwise normalized dot product: 0.862

Poison Matrix 7:
  [20, 14, 4, 58, 79, 59, 33, 78, 31, 33, 19]
  [7, 7, 10, 34, 59, 69, 21, 20, 50, 22, 52]
  [4, 7, 2, 34, 47, 64, 60, 59, 76, 78, 49]
  ICI: 0.2046
  ASI: 0.0001
  TVA: 0.3782
  H-score: 0.5857
  Item-wise Gini: [0.341, 0.180, 0.386, 0.142, 0.128, 0.090, 0.166, 0.231, 0.153, 0.220, 0.235]
  Max pairwise normalized dot product: 0.878

Poison Matrix 8:
  [1, 5, 3, 16, 62, 61, 51, 78, 33, 27, 64]
  [6, 15, 18, 13, 42, 23, 76, 36, 75, 33, 47]
  [12, 5, 14, 44, 38, 40, 14, 36, 59, 41, 14]
  ICI: 0.2314
  ASI: 0.0016
  TVA: 0.3849
  H-score: 0.6474
  Item-wise Gini: [0.421, 0.263, 0.267, 0.329, 0.079, 0.182, 0.278, 0.167, 0.162, 0.146, 0.236]
  Max pairwise normalized dot product: 0.842

Poison Matrix 9:
  [7, 1, 3, 69, 21, 16, 22, 11, 44, 44, 20]
  [7, 3, 1, 71, 56, 32, 29, 73, 20, 55, 20]
  [7, 16, 6, 57, 39, 76, 33, 51, 34, 17, 14]
  ICI: 0.2049
  ASI: 0.0010
  TVA: 0.2794
  H-score: 0.5043
  Item-wise Gini: [0.081, 0.483, 0.305, 0.112, 0.137, 0.282, 0.039, 0.269, 0.240, 0.220, 0.145]
  Max pairwise normalized dot product: 0.868

Poison Matrix 10:
  [18, 16, 2, 28, 31, 42, 55, 37, 61, 23, 42]
  [5, 8, 14, 64, 50, 41, 28, 25, 39, 54, 59]
  [1, 11, 13, 29, 20, 70, 78, 34, 55, 12, 51]
  ICI: 0.1998
  ASI: 0.0025
  TVA: 0.3288
  H-score: 0.5777
  Item-wise Gini: [0.483, 0.171, 0.266, 0.182, 0.187, 0.132, 0.208, 0.102, 0.113, 0.303, 0.056]
  Max pairwise normalized dot product: 0.948

Poison Matrix 11:
  [5, 10, 4, 78, 55, 69, 37, 67, 72, 57, 26]
  [12, 12, 1, 16, 67, 25, 58, 13, 42, 80, 20]
  [2, 4, 7, 29, 38, 54, 30, 73, 39, 42, 46]
  ICI: 0.2208
  ASI: 0.0015
  TVA: 0.3442
  H-score: 0.5941
  Item-wise Gini: [0.385, 0.238, 0.358, 0.269, 0.144, 0.139, 0.185, 0.288, 0.075, 0.166, 0.202]
  Max pairwise normalized dot product: 0.929

Poison Matrix 12:
  [13, 11, 20, 23, 21, 37, 53, 45, 78, 18, 11]
  [13, 5, 2, 66, 11, 18, 36, 63, 39, 23, 55]
  [18, 5, 6, 32, 66, 70, 10, 71, 20, 58, 34]
  ICI: 0.2559
  ASI: 0.0007
  TVA: 0.4646
  H-score: 0.7337
  Item-wise Gini: [0.037, 0.223, 0.443, 0.246, 0.341, 0.241, 0.305, 0.071, 0.304, 0.230, 0.309]
  Max pairwise normalized dot product: 0.773

Poison Matrix 13:
  [9, 9, 18, 57, 25, 25, 42, 46, 20, 23, 34]
  [2, 8, 11, 50, 68, 48, 29, 59, 59, 49, 39]
  [19, 4, 17, 53, 51, 50, 19, 22, 54, 52, 11]
  ICI: 0.1764
  ASI: 0.0002
  TVA: 0.1685
  H-score: 0.3483
  Item-wise Gini: [0.373, 0.200, 0.163, 0.098, 0.138, 0.120, 0.212, 0.165, 0.165, 0.144, 0.225]
  Max pairwise normalized dot product: 0.933

Poison Matrix 14:
  [1, 7, 15, 69, 74, 40, 21, 24, 39, 38, 54]
  [16, 7, 19, 41, 46, 75, 35, 14, 68, 24, 30]
  [2, 17, 15, 23, 26, 67, 18, 11, 80, 80, 25]
  ICI: 0.2082
  ASI: 0.0012
  TVA: 0.4092
  H-score: 0.6408
  Item-wise Gini: [0.526, 0.226, 0.058, 0.222, 0.210, 0.130, 0.148, 0.167, 0.156, 0.271, 0.167]
  Max pairwise normalized dot product: 0.877

Poison Matrix 15:
  [14, 1, 12, 42, 79, 73, 54, 21, 74, 30, 10]
  [18, 14, 15, 33, 65, 60, 38, 67, 51, 42, 39]
  [2, 18, 12, 66, 26, 21, 65, 73, 69, 41, 17]
  ICI: 0.1882
  ASI: 0.0042
  TVA: 0.2064
  H-score: 0.4790
  Item-wise Gini: [0.300, 0.354, 0.034, 0.170, 0.214, 0.232, 0.129, 0.222, 0.094, 0.067, 0.276]
  Max pairwise normalized dot product: 0.900

Poison Matrix 16:
  [2, 4, 6, 57, 21, 22, 80, 42, 12, 57, 69]
  [14, 9, 8, 11, 17, 51, 62, 32, 42, 13, 60]
  [1, 19, 8, 52, 27, 43, 69, 18, 34, 70, 11]
  ICI: 0.2194
  ASI: 0.0007
  TVA: 0.2484
  H-score: 0.4826
  Item-wise Gini: [0.525, 0.310, 0.093, 0.236, 0.084, 0.197, 0.023, 0.156, 0.254, 0.268, 0.258]
  Max pairwise normalized dot product: 0.859

Poison Matrix 17:
  [16, 4, 7, 49, 73, 18, 70, 26, 44, 31, 63]
  [18, 11, 15, 34, 36, 62, 37, 33, 59, 47, 31]
  [8, 3, 18, 52, 31, 75, 58, 68, 31, 17, 29]
  ICI: 0.1873
  ASI: 0.0031
  TVA: 0.3128
  H-score: 0.5612
  Item-wise Gini: [0.164, 0.302, 0.186, 0.086, 0.192, 0.246, 0.124, 0.224, 0.145, 0.217, 0.177]
  Max pairwise normalized dot product: 0.892

Poison Matrix 18:
  [2, 7, 2, 22, 32, 56, 59, 45, 20, 32, 57]
  [1, 6, 3, 46, 10, 20, 63, 14, 11, 17, 58]
  [10, 16, 16, 31, 48, 44, 27, 25, 53, 58, 39]
  ICI: 0.2597
  ASI: 0.0088
  TVA: 0.4223
  H-score: 0.8572
  Item-wise Gini: [0.416, 0.170, 0.407, 0.237, 0.226, 0.158, 0.238, 0.202, 0.269, 0.186, 0.166]
  Max pairwise normalized dot product: 0.869

Poison Matrix 19:
  [3, 17, 7, 13, 49, 72, 41, 37, 61, 75, 77]
  [11, 8, 13, 26, 11, 64, 19, 73, 78, 71, 31]
  [3, 12, 6, 19, 59, 80, 64, 23, 67, 18, 19]
  ICI: 0.2006
  ASI: 0.0006
  TVA: 0.3333
  H-score: 0.5452
  Item-wise Gini: [0.326, 0.133, 0.174, 0.164, 0.299, 0.073, 0.271, 0.243, 0.076, 0.217, 0.266]
  Max pairwise normalized dot product: 0.880

Poison Matrix 20:
  [11, 8, 14, 18, 66, 45, 58, 53, 80, 22, 53]
  [13, 5, 14, 18, 35, 23, 48, 54, 11, 73, 24]
  [18, 2, 7, 41, 54, 69, 36, 68, 73, 65, 61]
  ICI: 0.1727
  ASI: 0.0009
  TVA: 0.2227
  H-score: 0.4139
  Item-wise Gini: [0.098, 0.254, 0.219, 0.150, 0.080, 0.142, 0.145, 0.071, 0.275, 0.288, 0.100]
  Max pairwise normalized dot product: 0.928

Poison Matrix 21:
  [18, 9, 17, 80, 52, 65, 46, 51, 29, 39, 41]
  [14, 20, 9, 43, 71, 18, 48, 16, 70, 71, 79]
  [18, 20, 5, 74, 45, 26, 48, 32, 70, 60, 46]
  ICI: 0.1511
  ASI: 0.0007
  TVA: 0.2144
  H-score: 0.3794
  Item-wise Gini: [0.060, 0.153, 0.259, 0.129, 0.095, 0.291, 0.011, 0.239, 0.165, 0.119, 0.146]
  Max pairwise normalized dot product: 0.938

Poison Matrix 22:
  [17, 3, 13, 47, 77, 72, 29, 71, 14, 27, 78]
  [3, 14, 4, 21, 68, 64, 27, 47, 38, 31, 22]
  [16, 11, 18, 66, 56, 18, 68, 80, 32, 12, 58]
  ICI: 0.2049
  ASI: 0.0002
  TVA: 0.2087
  H-score: 0.4174
  Item-wise Gini: [0.232, 0.315, 0.240, 0.188, 0.096, 0.251, 0.203, 0.063, 0.248, 0.237, 0.196]
  Max pairwise normalized dot product: 0.903

Poison Matrix 23:
  [8, 4, 17, 38, 35, 36, 60, 29, 50, 42, 36]
  [8, 17, 14, 70, 30, 39, 41, 72, 48, 73, 75]
  [3, 13, 15, 66, 70, 69, 20, 58, 11, 43, 32]
  ICI: 0.1743
  ASI: 0.0018
  TVA: 0.2570
  H-score: 0.4678
  Item-wise Gini: [0.216, 0.200, 0.112, 0.093, 0.226, 0.174, 0.262, 0.118, 0.283, 0.075, 0.147]
  Max pairwise normalized dot product: 0.908

Poison Matrix 24:
  [8, 4, 16, 31, 64, 64, 17, 33, 26, 65, 12]
  [10, 12, 10, 55, 21, 40, 47, 63, 51, 11, 56]
  [10, 11, 16, 30, 55, 57, 50, 75, 41, 52, 12]
  ICI: 0.1758
  ASI: 0.0009
  TVA: 0.1974
  H-score: 0.3916
  Item-wise Gini: [0.027, 0.190, 0.121, 0.156, 0.233, 0.126, 0.168, 0.128, 0.126, 0.311, 0.373]
  Max pairwise normalized dot product: 0.912

Poison Matrix 25:
  [4, 3, 17, 76, 18, 77, 44, 13, 26, 46, 70]
  [19, 17, 18, 74, 14, 48, 33, 53, 33, 19, 17]
  [6, 2, 2, 27, 62, 13, 41, 65, 46, 67, 50]
  ICI: 0.2614
  ASI: 0.0025
  TVA: 0.3464
  H-score: 0.6578
  Item-wise Gini: [0.370, 0.472, 0.311, 0.200, 0.327, 0.292, 0.034, 0.257, 0.129, 0.232, 0.239]
  Max pairwise normalized dot product: 0.838

Poison Matrix 26:
  [9, 20, 5, 44, 35, 51, 31, 23, 76, 71, 45]
  [4, 2, 15, 78, 27, 65, 49, 17, 75, 11, 74]
  [2, 8, 7, 49, 68, 56, 25, 57, 68, 67, 40]
  ICI: 0.2016
  ASI: 0.0019
  TVA: 0.3736
  H-score: 0.6141
  Item-wise Gini: [0.323, 0.410, 0.248, 0.132, 0.193, 0.052, 0.165, 0.258, 0.043, 0.280, 0.156]
  Max pairwise normalized dot product: 0.946

Poison Matrix 27:
  [9, 11, 3, 18, 15, 24, 11, 36, 41, 25, 23]
  [13, 19, 4, 47, 21, 41, 46, 79, 40, 13, 78]
  [9, 5, 1, 59, 24, 46, 42, 67, 37, 61, 55]
  ICI: 0.1845
  ASI: 0.0005
  TVA: 0.2331
  H-score: 0.4271
  Item-wise Gini: [0.135, 0.233, 0.289, 0.119, 0.063, 0.023, 0.158, 0.040, 0.173, 0.263, 0.134]
  Max pairwise normalized dot product: 0.919

Poison Matrix 28:
  [1, 1, 17, 25, 11, 31, 51, 14, 80, 33, 44]
  [12, 12, 4, 51, 69, 43, 42, 31, 57, 54, 30]
  [9, 2, 19, 24, 20, 78, 15, 63, 15, 62, 20]
  ICI: 0.2686
  ASI: 0.0034
  TVA: 0.3888
  H-score: 0.7258
  Item-wise Gini: [0.291, 0.451, 0.261, 0.125, 0.336, 0.206, 0.253, 0.312, 0.319, 0.128, 0.196]
  Max pairwise normalized dot product: 0.827

Poison Matrix 29:
  [1, 17, 17, 69, 75, 21, 64, 41, 56, 74, 16]
  [13, 15, 19, 39, 75, 36, 51, 67, 55, 30, 72]
  [11, 4, 4, 36, 73, 13, 68, 22, 70, 10, 57]
  ICI: 0.1971
  ASI: 0.0041
  TVA: 0.2435
  H-score: 0.5219
  Item-wise Gini: [0.309, 0.223, 0.221, 0.141, 0.050, 0.173, 0.118, 0.187, 0.114, 0.358, 0.232]
  Max pairwise normalized dot product: 0.917

Poison Matrix 30:
  [14, 12, 6, 23, 52, 78, 62, 40, 75, 43, 38]
  [2, 19, 9, 33, 58, 34, 57, 63, 41, 17, 40]
  [18, 2, 11, 28, 33, 11, 57, 45, 62, 57, 54]
  ICI: 0.1730
  ASI: 0.0000
  TVA: 0.2396
  H-score: 0.4134
  Item-wise Gini: [0.333, 0.365, 0.155, 0.114, 0.126, 0.331, 0.019, 0.139, 0.089, 0.239, 0.113]
  Max pairwise normalized dot product: 0.900

Poison Matrix 31:
  [9, 9, 4, 40, 72, 24, 80, 34, 57, 19, 47]
  [7, 12, 5, 49, 43, 16, 56, 36, 74, 75, 46]
  [3, 19, 13, 36, 13, 53, 31, 74, 47, 17, 50]
  ICI: 0.1946
  ASI: 0.0002
  TVA: 0.3809
  H-score: 0.5799
  Item-wise Gini: [0.200, 0.195, 0.300, 0.033, 0.302, 0.298, 0.182, 0.214, 0.066, 0.318, 0.055]
  Max pairwise normalized dot product: 0.885

Poison Matrix 32:
  [18, 18, 2, 32, 46, 26, 26, 51, 49, 66, 27]
  [19, 14, 15, 61, 68, 37, 80, 57, 77, 62, 33]
  [14, 11, 19, 48, 71, 31, 18, 28, 51, 23, 45]
  ICI: 0.1526
  ASI: 0.0001
  TVA: 0.2135
  H-score: 0.3679
  Item-wise Gini: [0.072, 0.144, 0.362, 0.089, 0.103, 0.045, 0.249, 0.129, 0.018, 0.217, 0.158]
  Max pairwise normalized dot product: 0.939

Poison Matrix 33:
  [2, 3, 14, 42, 45, 19, 44, 12, 38, 38, 52]
  [20, 10, 6, 29, 47, 59, 62, 36, 28, 39, 79]
  [14, 18, 7, 26, 59, 60, 28, 10, 46, 35, 73]
  ICI: 0.1737
  ASI: 0.0002
  TVA: 0.2733
  H-score: 0.4502
  Item-wise Gini: [0.303, 0.311, 0.262, 0.162, 0.070, 0.180, 0.136, 0.264, 0.118, 0.064, 0.031]
  Max pairwise normalized dot product: 0.939

Poison Matrix 34:
  [8, 19, 6, 27, 56, 73, 78, 79, 69, 47, 74]
  [19, 19, 6, 11, 57, 31, 50, 69, 49, 73, 56]
  [13, 13, 12, 18, 49, 51, 80, 16, 56, 57, 48]
  ICI: 0.1324
  ASI: 0.0000
  TVA: 0.2064
  H-score: 0.3396
  Item-wise Gini: [0.210, 0.071, 0.221, 0.142, 0.047, 0.133, 0.118, 0.230, 0.043, 0.133, 0.038]
  Max pairwise normalized dot product: 0.941

Poison Matrix 35:
  [17, 9, 6, 73, 63, 28, 30, 73, 45, 40, 14]
  [5, 1, 19, 70, 57, 21, 68, 19, 24, 76, 19]
  [15, 19, 7, 49, 48, 15, 46, 47, 21, 21, 58]
  ICI: 0.2165
  ASI: 0.0022
  TVA: 0.3595
  H-score: 0.6199
  Item-wise Gini: [0.203, 0.435, 0.274, 0.056, 0.029, 0.106, 0.179, 0.241, 0.147, 0.258, 0.349]
  Max pairwise normalized dot product: 0.874

Poison Matrix 36:
  [9, 16, 9, 31, 52, 50, 28, 61, 52, 57, 80]
  [14, 15, 10, 39, 47, 51, 74, 51, 57, 58, 23]
  [20, 17, 1, 76, 54, 50, 17, 17, 64, 40, 21]
  ICI: 0.1569
  ASI: 0.0012
  TVA: 0.2388
  H-score: 0.4189
  Item-wise Gini: [0.208, 0.063, 0.294, 0.244, 0.066, 0.037, 0.298, 0.206, 0.085, 0.047, 0.295]
  Max pairwise normalized dot product: 0.877

Poison Matrix 37:
  [6, 10, 15, 20, 30, 35, 29, 18, 61, 30, 58]
  [13, 18, 11, 40, 43, 74, 16, 16, 52, 74, 10]
  [4, 1, 8, 11, 74, 28, 41, 27, 63, 24, 74]
  ICI: 0.2183
  ASI: 0.0024
  TVA: 0.3786
  H-score: 0.6456
  Item-wise Gini: [0.244, 0.367, 0.169, 0.255, 0.178, 0.208, 0.190, 0.122, 0.070, 0.245, 0.287]
  Max pairwise normalized dot product: 0.935

Poison Matrix 38:
  [15, 18, 16, 68, 29, 20, 18, 45, 32, 52, 14]
  [9, 14, 7, 66, 24, 40, 53, 61, 61, 24, 65]
  [13, 20, 3, 16, 67, 24, 33, 12, 78, 12, 18]
  ICI: 0.2256
  ASI: 0.0026
  TVA: 0.3556
  H-score: 0.6325
  Item-wise Gini: [0.148, 0.148, 0.342, 0.246, 0.305, 0.093, 0.160, 0.214, 0.219, 0.308, 0.287]
  Max pairwise normalized dot product: 0.849

Poison Matrix 39:
  [3, 19, 14, 35, 39, 31, 68, 13, 31, 41, 29]
  [14, 18, 13, 15, 22, 34, 59, 12, 18, 46, 51]
  [1, 1, 15, 51, 72, 80, 55, 46, 65, 43, 28]
  ICI: 0.2138
  ASI: 0.0004
  TVA: 0.3747
  H-score: 0.5969
  Item-wise Gini: [0.509, 0.317, 0.059, 0.153, 0.161, 0.137, 0.114, 0.225, 0.185, 0.104, 0.224]
  Max pairwise normalized dot product: 0.935

Poison Matrix 40:
  [12, 11, 5, 26, 68, 13, 58, 19, 30, 61, 15]
  [20, 18, 8, 26, 30, 79, 23, 71, 44, 72, 48]
  [8, 19, 14, 46, 76, 47, 27, 56, 52, 22, 15]
  ICI: 0.2027
  ASI: 0.0011
  TVA: 0.3242
  H-score: 0.5479
  Item-wise Gini: [0.157, 0.081, 0.198, 0.156, 0.202, 0.270, 0.284, 0.185, 0.084, 0.216, 0.239]
  Max pairwise normalized dot product: 0.824

Poison Matrix 41:
  [2, 8, 20, 11, 11, 27, 26, 56, 44, 38, 70]
  [14, 20, 14, 22, 52, 47, 26, 43, 50, 26, 62]
  [12, 8, 16, 67, 18, 50, 61, 73, 31, 16, 20]
  ICI: 0.2045
  ASI: 0.0034
  TVA: 0.3350
  H-score: 0.6081
  Item-wise Gini: [0.271, 0.211, 0.123, 0.353, 0.310, 0.093, 0.200, 0.112, 0.107, 0.224, 0.256]
  Max pairwise normalized dot product: 0.902

Poison Matrix 42:
  [10, 2, 5, 57, 41, 76, 76, 24, 36, 44, 45]
  [6, 16, 20, 52, 61, 20, 42, 34, 57, 20, 62]
  [4, 18, 20, 62, 27, 54, 57, 13, 46, 76, 38]
  ICI: 0.1806
  ASI: 0.0007
  TVA: 0.2401
  H-score: 0.4341
  Item-wise Gini: [0.196, 0.288, 0.235, 0.026, 0.190, 0.241, 0.117, 0.211, 0.116, 0.258, 0.125]
  Max pairwise normalized dot product: 0.934

Poison Matrix 43:
  [10, 14, 11, 78, 15, 16, 59, 48, 80, 20, 35]
  [9, 7, 18, 42, 61, 43, 52, 25, 17, 28, 19]
  [3, 1, 8, 80, 10, 64, 59, 72, 11, 10, 71]
  ICI: 0.2475
  ASI: 0.0037
  TVA: 0.3645
  H-score: 0.6857
  Item-wise Gini: [0.220, 0.370, 0.225, 0.093, 0.430, 0.241, 0.015, 0.185, 0.414, 0.249, 0.247]
  Max pairwise normalized dot product: 0.798

Poison Matrix 44:
  [8, 17, 11, 44, 42, 34, 60, 80, 76, 53, 51]
  [15, 2, 19, 45, 49, 50, 57, 71, 65, 79, 30]
  [7, 14, 6, 24, 38, 50, 24, 15, 12, 22, 80]
  ICI: 0.1951
  ASI: 0.0022
  TVA: 0.2026
  H-score: 0.4421
  Item-wise Gini: [0.133, 0.333, 0.151, 0.028, 0.087, 0.192, 0.090, 0.212, 0.236, 0.168, 0.318]
  Max pairwise normalized dot product: 0.963

Poison Matrix 45:
  [12, 15, 3, 19, 51, 21, 15, 33, 38, 29, 53]
  [2, 2, 7, 67, 48, 22, 65, 74, 42, 35, 79]
  [19, 10, 7, 15, 23, 79, 45, 36, 27, 53, 55]
  ICI: 0.2196
  ASI: 0.0007
  TVA: 0.3417
  H-score: 0.5746
  Item-wise Gini: [0.321, 0.378, 0.127, 0.286, 0.219, 0.326, 0.197, 0.122, 0.130, 0.133, 0.045]
  Max pairwise normalized dot product: 0.885

Poison Matrix 46:
  [5, 12, 8, 52, 57, 17, 19, 80, 47, 28, 17]
  [9, 9, 16, 33, 60, 55, 11, 63, 39, 64, 77]
  [13, 1, 3, 69, 51, 49, 71, 47, 54, 64, 15]
  ICI: 0.2154
  ASI: 0.0007
  TVA: 0.3015
  H-score: 0.5312
  Item-wise Gini: [0.155, 0.377, 0.297, 0.142, 0.079, 0.177, 0.376, 0.173, 0.091, 0.115, 0.364]
  Max pairwise normalized dot product: 0.852

Poison Matrix 47:
  [9, 8, 7, 57, 71, 78, 55, 22, 51, 37, 41]
  [14, 17, 15, 67, 15, 13, 45, 30, 29, 37, 30]
  [19, 16, 7, 27, 29, 30, 16, 73, 73, 61, 26]
  ICI: 0.2053
  ASI: 0.0006
  TVA: 0.3587
  H-score: 0.5766
  Item-wise Gini: [0.171, 0.209, 0.258, 0.229, 0.266, 0.305, 0.217, 0.281, 0.166, 0.140, 0.070]
  Max pairwise normalized dot product: 0.811

Poison Matrix 48:
  [7, 5, 5, 61, 12, 74, 22, 26, 68, 74, 73]
  [17, 17, 4, 57, 65, 66, 51, 14, 53, 75, 54]
  [2, 15, 4, 53, 74, 26, 36, 39, 44, 21, 44]
  ICI: 0.1782
  ASI: 0.0020
  TVA: 0.2112
  H-score: 0.4292
  Item-wise Gini: [0.349, 0.225, 0.069, 0.045, 0.320, 0.174, 0.144, 0.265, 0.080, 0.196, 0.093]
  Max pairwise normalized dot product: 0.911

Poison Matrix 49:
  [6, 9, 17, 66, 30, 52, 37, 53, 61, 48, 52]
  [2, 7, 11, 48, 22, 11, 49, 16, 50, 57, 34]
  [15, 2, 10, 57, 21, 57, 14, 56, 44, 55, 64]
  ICI: 0.1689
  ASI: 0.0017
  TVA: 0.2152
  H-score: 0.4189
  Item-wise Gini: [0.359, 0.243, 0.094, 0.018, 0.063, 0.240, 0.295, 0.189, 0.083, 0.114, 0.087]
  Max pairwise normalized dot product: 0.967

Poison Matrix 50:
  [3, 4, 2, 77, 29, 52, 58, 37, 65, 24, 68]
  [15, 4, 13, 46, 46, 18, 66, 14, 46, 10, 28]
  [14, 4, 12, 57, 67, 17, 50, 33, 16, 72, 23]
  ICI: 0.2024
  ASI: 0.0001
  TVA: 0.2861
  H-score: 0.4898
  Item-wise Gini: [0.295, 0.070, 0.314, 0.045, 0.189, 0.225, 0.107, 0.133, 0.212, 0.382, 0.209]
  Max pairwise normalized dot product: 0.894

Poison Matrix 51:
  [1, 2, 20, 39, 15, 25, 54, 64, 54, 44, 10]
  [7, 5, 18, 52, 15, 20, 34, 36, 44, 11, 55]
  [15, 13, 17, 49, 18, 26, 37, 43, 69, 35, 36]
  ICI: 0.1679
  ASI: 0.0029
  TVA: 0.2656
  H-score: 0.4919
  Item-wise Gini: [0.378, 0.340, 0.053, 0.087, 0.022, 0.027, 0.107, 0.115, 0.059, 0.241, 0.326]
  Max pairwise normalized dot product: 0.938

Poison Matrix 52:
  [7, 15, 3, 77, 75, 42, 79, 34, 57, 55, 48]
  [16, 8, 2, 78, 59, 21, 35, 45, 37, 41, 39]
  [18, 1, 15, 22, 15, 51, 43, 13, 65, 77, 40]
  ICI: 0.2162
  ASI: 0.0007
  TVA: 0.2778
  H-score: 0.5073
  Item-wise Gini: [0.225, 0.340, 0.458, 0.227, 0.216, 0.204, 0.123, 0.245, 0.141, 0.164, 0.029]
  Max pairwise normalized dot product: 0.953

Poison Matrix 53:
  [14, 5, 9, 11, 64, 47, 60, 35, 59, 70, 39]
  [10, 4, 19, 49, 24, 12, 77, 25, 51, 36, 18]
  [2, 15, 13, 24, 45, 30, 20, 52, 31, 48, 73]
  ICI: 0.2277
  ASI: 0.0003
  TVA: 0.3546
  H-score: 0.5878
  Item-wise Gini: [0.268, 0.303, 0.209, 0.337, 0.152, 0.217, 0.274, 0.152, 0.119, 0.094, 0.283]
  Max pairwise normalized dot product: 0.865

Poison Matrix 54:
  [15, 8, 2, 26, 20, 50, 66, 49, 16, 37, 72]
  [14, 8, 4, 79, 71, 62, 24, 16, 46, 14, 73]
  [16, 12, 11, 51, 44, 69, 22, 68, 19, 50, 59]
  ICI: 0.1890
  ASI: 0.0016
  TVA: 0.3313
  H-score: 0.5527
  Item-wise Gini: [0.044, 0.086, 0.332, 0.208, 0.235, 0.037, 0.297, 0.243, 0.224, 0.221, 0.076]
  Max pairwise normalized dot product: 0.893

Poison Matrix 55:
  [15, 1, 4, 12, 28, 15, 68, 49, 73, 34, 74]
  [6, 19, 19, 51, 51, 60, 79, 17, 66, 69, 16]
  [15, 15, 9, 49, 42, 18, 55, 59, 33, 52, 19]
  ICI: 0.2243
  ASI: 0.0033
  TVA: 0.2770
  H-score: 0.5674
  Item-wise Gini: [0.196, 0.306, 0.269, 0.243, 0.087, 0.277, 0.042, 0.250, 0.163, 0.106, 0.381]
  Max pairwise normalized dot product: 0.885

Poison Matrix 56:
  [11, 1, 10, 76, 67, 42, 40, 66, 46, 28, 11]
  [13, 14, 12, 14, 13, 33, 40, 79, 78, 14, 49]
  [12, 15, 10, 28, 20, 58, 70, 35, 13, 32, 40]
  ICI: 0.2049
  ASI: 0.0006
  TVA: 0.2937
  H-score: 0.5115
  Item-wise Gini: [0.057, 0.328, 0.062, 0.323, 0.333, 0.148, 0.173, 0.156, 0.320, 0.185, 0.255]
  Max pairwise normalized dot product: 0.767

Poison Matrix 57:
  [9, 19, 20, 50, 80, 56, 47, 33, 15, 58, 29]
  [2, 16, 2, 70, 25, 68, 38, 72, 52, 29, 76]
  [4, 9, 3, 66, 22, 80, 29, 31, 17, 62, 31]
  ICI: 0.2159
  ASI: 0.0021
  TVA: 0.4110
  H-score: 0.6694
  Item-wise Gini: [0.307, 0.127, 0.477, 0.096, 0.294, 0.119, 0.074, 0.165, 0.265, 0.195, 0.203]
  Max pairwise normalized dot product: 0.874

Poison Matrix 58:
  [12, 2, 6, 72, 76, 33, 52, 31, 77, 14, 28]
  [10, 10, 4, 30, 70, 48, 36, 11, 75, 54, 75]
  [3, 1, 13, 31, 10, 54, 65, 10, 53, 42, 61]
  ICI: 0.2242
  ASI: 0.0002
  TVA: 0.3222
  H-score: 0.5513
  Item-wise Gini: [0.226, 0.438, 0.305, 0.211, 0.277, 0.143, 0.172, 0.257, 0.047, 0.217, 0.170]
  Max pairwise normalized dot product: 0.878

Poison Matrix 59:
  [13, 16, 2, 22, 41, 43, 23, 33, 10, 31, 66]
  [5, 6, 12, 62, 72, 52, 46, 37, 68, 24, 59]
  [20, 2, 13, 16, 71, 50, 71, 75, 79, 37, 45]
  ICI: 0.2068
  ASI: 0.0000
  TVA: 0.2742
  H-score: 0.4818
  Item-wise Gini: [0.222, 0.461, 0.224, 0.288, 0.039, 0.071, 0.145, 0.139, 0.249, 0.140, 0.188]
  Max pairwise normalized dot product: 0.910

Poison Matrix 60:
  [15, 15, 19, 11, 43, 10, 36, 34, 78, 24, 10]
  [1, 20, 7, 72, 50, 60, 22, 40, 63, 51, 72]
  [5, 12, 10, 31, 54, 29, 78, 65, 16, 26, 78]
  ICI: 0.2429
  ASI: 0.0007
  TVA: 0.3848
  H-score: 0.6417
  Item-wise Gini: [0.496, 0.113, 0.314, 0.295, 0.063, 0.274, 0.266, 0.135, 0.339, 0.122, 0.276]
  Max pairwise normalized dot product: 0.806

Poison Matrix 61:
  [1, 9, 14, 30, 47, 30, 68, 64, 74, 78, 26]
  [4, 11, 15, 16, 18, 16, 41, 75, 22, 52, 73]
  [1, 2, 15, 54, 64, 27, 64, 65, 19, 70, 12]
  ICI: 0.1956
  ASI: 0.0003
  TVA: 0.3076
  H-score: 0.5096
  Item-wise Gini: [0.380, 0.312, 0.070, 0.240, 0.229, 0.080, 0.066, 0.093, 0.284, 0.035, 0.402]
  Max pairwise normalized dot product: 0.913

Poison Matrix 62:
  [10, 12, 15, 26, 15, 30, 10, 76, 32, 53, 34]
  [4, 17, 7, 66, 21, 32, 35, 20, 13, 63, 52]
  [8, 5, 19, 22, 74, 17, 23, 80, 21, 40, 36]
  ICI: 0.2013
  ASI: 0.0002
  TVA: 0.2993
  H-score: 0.5049
  Item-wise Gini: [0.197, 0.237, 0.182, 0.262, 0.341, 0.131, 0.241, 0.227, 0.207, 0.105, 0.096]
  Max pairwise normalized dot product: 0.867

Poison Matrix 63:
  [15, 14, 7, 62, 32, 44, 49, 46, 80, 67, 23]
  [1, 10, 19, 14, 43, 14, 50, 44, 15, 11, 16]
  [5, 16, 16, 52, 49, 54, 36, 23, 64, 47, 33]
  ICI: 0.2044
  ASI: 0.0013
  TVA: 0.2076
  H-score: 0.4387
  Item-wise Gini: [0.391, 0.060, 0.313, 0.165, 0.191, 0.175, 0.193, 0.244, 0.195, 0.223, 0.102]
  Max pairwise normalized dot product: 0.957

Poison Matrix 64:
  [12, 1, 9, 42, 74, 15, 31, 72, 66, 70, 75]
  [3, 8, 1, 52, 67, 70, 47, 55, 32, 25, 75]
  [4, 15, 16, 51, 41, 12, 17, 13, 30, 41, 80]
  ICI: 0.2335
  ASI: 0.0001
  TVA: 0.3672
  H-score: 0.6020
  Item-wise Gini: [0.278, 0.442, 0.444, 0.126, 0.046, 0.372, 0.161, 0.236, 0.146, 0.184, 0.102]
  Max pairwise normalized dot product: 0.880

Poison Matrix 65:
  [20, 3, 7, 14, 64, 45, 66, 73, 26, 14, 21]
  [5, 12, 3, 38, 52, 48, 37, 68, 42, 19, 31]
  [11, 9, 20, 18, 63, 32, 18, 22, 51, 80, 23]
  ICI: 0.2141
  ASI: 0.0009
  TVA: 0.3327
  H-score: 0.5639
  Item-wise Gini: [0.277, 0.247, 0.382, 0.226, 0.046, 0.081, 0.263, 0.207, 0.144, 0.393, 0.087]
  Max pairwise normalized dot product: 0.933

Poison Matrix 66:
  [10, 10, 20, 59, 26, 17, 71, 56, 51, 44, 36]
  [18, 5, 3, 77, 17, 40, 63, 33, 17, 16, 39]
  [2, 8, 20, 10, 16, 37, 23, 20, 14, 79, 79]
  ICI: 0.2327
  ASI: 0.0033
  TVA: 0.3126
  H-score: 0.6110
  Item-wise Gini: [0.373, 0.108, 0.300, 0.325, 0.052, 0.186, 0.176, 0.164, 0.243, 0.333, 0.238]
  Max pairwise normalized dot product: 0.893

Poison Matrix 67:
  [13, 13, 4, 52, 31, 77, 43, 51, 70, 34, 40]
  [9, 5, 9, 79, 77, 64, 48, 44, 68, 38, 36]
  [1, 8, 11, 77, 77, 47, 52, 48, 59, 37, 36]
  ICI: 0.1151
  ASI: 0.0001
  TVA: 0.1235
  H-score: 0.2397
  Item-wise Gini: [0.365, 0.227, 0.190, 0.071, 0.161, 0.122, 0.030, 0.057, 0.051, 0.006, 0.048]
  Max pairwise normalized dot product: 0.992

Poison Matrix 68:
  [12, 19, 9, 20, 31, 15, 24, 19, 18, 12, 66]
  [9, 8, 7, 41, 52, 10, 46, 41, 60, 55, 59]
  [5, 4, 20, 14, 58, 14, 63, 18, 61, 44, 68]
  ICI: 0.1894
  ASI: 0.0016
  TVA: 0.2830
  H-score: 0.5050
  Item-wise Gini: [0.276, 0.408, 0.221, 0.200, 0.049, 0.189, 0.125, 0.163, 0.156, 0.200, 0.129]
  Max pairwise normalized dot product: 0.946

Poison Matrix 69:
  [14, 18, 15, 59, 80, 76, 27, 60, 13, 73, 44]
  [9, 7, 1, 43, 68, 16, 69, 71, 25, 37, 63]
  [7, 2, 16, 29, 70, 22, 12, 78, 24, 46, 66]
  ICI: 0.1982
  ASI: 0.0014
  TVA: 0.2992
  H-score: 0.5256
  Item-wise Gini: [0.099, 0.357, 0.352, 0.098, 0.028, 0.310, 0.353, 0.111, 0.163, 0.113, 0.135]
  Max pairwise normalized dot product: 0.911

Poison Matrix 70:
  [14, 8, 5, 71, 40, 80, 30, 57, 78, 46, 43]
  [11, 1, 11, 20, 76, 58, 47, 53, 80, 32, 50]
  [1, 8, 7, 61, 28, 15, 45, 49, 75, 62, 38]
  ICI: 0.1687
  ASI: 0.0004
  TVA: 0.1821
  H-score: 0.3587
  Item-wise Gini: [0.315, 0.306, 0.180, 0.210, 0.204, 0.257, 0.121, 0.009, 0.034, 0.175, 0.050]
  Max pairwise normalized dot product: 0.905

Poison Matrix 71:
  [11, 2, 18, 74, 56, 30, 75, 24, 50, 22, 71]
  [10, 9, 8, 13, 15, 39, 34, 58, 63, 27, 14]
  [19, 13, 12, 22, 36, 63, 76, 13, 52, 51, 48]
  ICI: 0.2204
  ASI: 0.0006
  TVA: 0.3701
  H-score: 0.6022
  Item-wise Gini: [0.134, 0.270, 0.094, 0.311, 0.192, 0.160, 0.098, 0.389, 0.147, 0.186, 0.233]
  Max pairwise normalized dot product: 0.870

Poison Matrix 72:
  [3, 2, 16, 41, 67, 59, 36, 23, 67, 57, 54]
  [3, 7, 9, 60, 14, 80, 71, 72, 38, 55, 79]
  [12, 4, 3, 40, 37, 44, 11, 58, 47, 28, 39]
  ICI: 0.2179
  ASI: 0.0002
  TVA: 0.3619
  H-score: 0.5836
  Item-wise Gini: [0.410, 0.204, 0.289, 0.053, 0.286, 0.042, 0.281, 0.219, 0.140, 0.095, 0.067]
  Max pairwise normalized dot product: 0.899

Poison Matrix 73:
  [12, 13, 12, 31, 58, 38, 72, 25, 34, 56, 60]
  [3, 9, 15, 28, 44, 53, 18, 64, 64, 64, 65]
  [14, 13, 4, 10, 42, 28, 16, 77, 26, 71, 44]
  ICI: 0.1712
  ASI: 0.0017
  TVA: 0.2297
  H-score: 0.4344
  Item-wise Gini: [0.291, 0.122, 0.207, 0.182, 0.069, 0.096, 0.336, 0.249, 0.161, 0.094, 0.039]
  Max pairwise normalized dot product: 0.926

Poison Matrix 74:
  [4, 1, 16, 54, 55, 22, 60, 42, 56, 14, 25]
  [9, 3, 18, 32, 35, 59, 39, 16, 10, 50, 29]
  [20, 16, 19, 57, 29, 26, 23, 55, 20, 48, 25]
  ICI: 0.2173
  ASI: 0.0033
  TVA: 0.3453
  H-score: 0.6289
  Item-wise Gini: [0.316, 0.492, 0.058, 0.096, 0.133, 0.265, 0.187, 0.217, 0.335, 0.242, 0.069]
  Max pairwise normalized dot product: 0.837

Poison Matrix 75:
  [6, 17, 4, 51, 57, 52, 37, 12, 70, 79, 11]
  [11, 7, 12, 27, 80, 24, 58, 20, 80, 37, 50]
  [18, 12, 4, 59, 25, 72, 65, 36, 50, 49, 60]
  ICI: 0.1973
  ASI: 0.0018
  TVA: 0.2976
  H-score: 0.5300
  Item-wise Gini: [0.201, 0.197, 0.284, 0.132, 0.238, 0.192, 0.089, 0.208, 0.118, 0.181, 0.248]
  Max pairwise normalized dot product: 0.864

Poison Matrix 76:
  [13, 17, 20, 55, 54, 27, 45, 75, 38, 72, 29]
  [6, 10, 16, 63, 15, 45, 37, 36, 44, 60, 21]
  [3, 5, 18, 37, 42, 13, 76, 34, 21, 29, 27]
  ICI: 0.1772
  ASI: 0.0012
  TVA: 0.2818
  H-score: 0.4828
  Item-wise Gini: [0.230, 0.175, 0.063, 0.090, 0.210, 0.245, 0.217, 0.116, 0.133, 0.117, 0.091]
  Max pairwise normalized dot product: 0.916

Poison Matrix 77:
  [13, 18, 1, 77, 69, 59, 46, 54, 21, 77, 78]
  [4, 2, 16, 45, 41, 66, 12, 13, 46, 21, 34]
  [6, 7, 19, 14, 57, 61, 40, 39, 12, 50, 41]
  ICI: 0.2414
  ASI: 0.0009
  TVA: 0.3409
  H-score: 0.6006
  Item-wise Gini: [0.143, 0.306, 0.320, 0.215, 0.046, 0.137, 0.206, 0.177, 0.345, 0.146, 0.067]
  Max pairwise normalized dot product: 0.913

Poison Matrix 78:
  [6, 5, 19, 24, 58, 35, 77, 33, 75, 79, 37]
  [20, 14, 20, 68, 22, 68, 53, 67, 25, 19, 73]
  [4, 15, 5, 17, 62, 74, 47, 30, 42, 33, 28]
  ICI: 0.2260
  ASI: 0.0008
  TVA: 0.3585
  H-score: 0.6004
  Item-wise Gini: [0.321, 0.244, 0.202, 0.274, 0.236, 0.197, 0.085, 0.164, 0.219, 0.287, 0.173]
  Max pairwise normalized dot product: 0.878

Poison Matrix 79:
  [9, 6, 3, 60, 72, 17, 79, 31, 17, 16, 31]
  [6, 17, 20, 60, 51, 65, 15, 57, 34, 23, 71]
  [3, 4, 8, 21, 20, 49, 63, 29, 27, 66, 67]
  ICI: 0.2393
  ASI: 0.0025
  TVA: 0.3355
  H-score: 0.6246
  Item-wise Gini: [0.244, 0.282, 0.329, 0.207, 0.266, 0.205, 0.294, 0.119, 0.101, 0.321, 0.144]
  Max pairwise normalized dot product: 0.797

Poison Matrix 80:
  [17, 11, 3, 75, 21, 34, 33, 39, 41, 16, 21]
  [18, 1, 18, 65, 27, 40, 20, 53, 69, 49, 27]
  [13, 3, 7, 38, 25, 52, 64, 31, 60, 50, 37]
  ICI: 0.1784
  ASI: 0.0001
  TVA: 0.2728
  H-score: 0.4525
  Item-wise Gini: [0.101, 0.477, 0.330, 0.185, 0.013, 0.064, 0.239, 0.107, 0.066, 0.173, 0.085]
  Max pairwise normalized dot product: 0.926

Poison Matrix 81:
  [7, 12, 12, 56, 17, 30, 48, 27, 77, 51, 36]
  [11, 3, 20, 20, 40, 21, 38, 39, 34, 70, 16]
  [4, 14, 13, 53, 19, 35, 69, 10, 71, 14, 72]
  ICI: 0.2002
  ASI: 0.0012
  TVA: 0.2763
  H-score: 0.5015
  Item-wise Gini: [0.253, 0.234, 0.162, 0.161, 0.245, 0.073, 0.096, 0.292, 0.129, 0.313, 0.277]
  Max pairwise normalized dot product: 0.909

Poison Matrix 82:
  [17, 20, 16, 17, 13, 30, 77, 68, 39, 77, 34]
  [14, 13, 2, 30, 16, 71, 23, 32, 49, 64, 27]
  [13, 13, 5, 61, 49, 48, 69, 70, 76, 31, 80]
  ICI: 0.2065
  ASI: 0.0005
  TVA: 0.3592
  H-score: 0.5764
  Item-wise Gini: [0.101, 0.141, 0.406, 0.206, 0.243, 0.239, 0.207, 0.122, 0.090, 0.196, 0.160]
  Max pairwise normalized dot product: 0.838

Poison Matrix 83:
  [2, 12, 7, 77, 26, 13, 49, 18, 32, 62, 25]
  [3, 6, 1, 36, 58, 70, 31, 36, 52, 48, 23]
  [20, 11, 10, 36, 38, 56, 25, 24, 75, 14, 32]
  ICI: 0.2184
  ASI: 0.0015
  TVA: 0.3420
  H-score: 0.5901
  Item-wise Gini: [0.479, 0.160, 0.330, 0.210, 0.150, 0.255, 0.168, 0.128, 0.174, 0.276, 0.087]
  Max pairwise normalized dot product: 0.912

Poison Matrix 84:
  [10, 5, 5, 38, 50, 77, 13, 49, 73, 24, 47]
  [7, 10, 12, 79, 40, 34, 56, 34, 22, 65, 76]
  [11, 19, 13, 67, 22, 43, 12, 13, 22, 27, 33]
  ICI: 0.2155
  ASI: 0.0009
  TVA: 0.3794
  H-score: 0.6136
  Item-wise Gini: [0.189, 0.353, 0.257, 0.181, 0.112, 0.185, 0.311, 0.212, 0.288, 0.191, 0.093]
  Max pairwise normalized dot product: 0.893

Poison Matrix 85:
  [19, 6, 17, 34, 54, 58, 37, 36, 65, 17, 24]
  [2, 15, 6, 42, 65, 21, 52, 13, 55, 40, 79]
  [11, 1, 14, 14, 61, 35, 32, 47, 31, 65, 40]
  ICI: 0.2233
  ASI: 0.0012
  TVA: 0.3092
  H-score: 0.5573
  Item-wise Gini: [0.352, 0.412, 0.203, 0.188, 0.036, 0.223, 0.086, 0.253, 0.146, 0.277, 0.239]
  Max pairwise normalized dot product: 0.852

Poison Matrix 86:
  [5, 5, 2, 43, 28, 59, 54, 64, 54, 51, 45]
  [17, 6, 15, 28, 46, 76, 41, 28, 25, 60, 34]
  [14, 4, 5, 51, 40, 30, 22, 53, 70, 15, 20]
  ICI: 0.1889
  ASI: 0.0010
  TVA: 0.2324
  H-score: 0.4420
  Item-wise Gini: [0.219, 0.062, 0.388, 0.164, 0.117, 0.166, 0.138, 0.151, 0.241, 0.229, 0.122]
  Max pairwise normalized dot product: 0.907

Poison Matrix 87:
  [7, 10, 1, 69, 74, 46, 69, 33, 44, 54, 55]
  [6, 9, 4, 71, 52, 52, 60, 23, 16, 79, 39]
  [2, 15, 1, 66, 17, 24, 45, 23, 45, 41, 21]
  ICI: 0.1647
  ASI: 0.0008
  TVA: 0.2482
  H-score: 0.4279
  Item-wise Gini: [0.155, 0.202, 0.331, 0.087, 0.201, 0.101, 0.006, 0.068, 0.261, 0.113, 0.115]
  Max pairwise normalized dot product: 0.954

Poison Matrix 88:
  [10, 2, 11, 77, 17, 11, 27, 60, 69, 70, 26]
  [9, 14, 15, 41, 47, 34, 19, 77, 69, 27, 26]
  [8, 12, 11, 10, 61, 42, 64, 77, 48, 76, 42]
  ICI: 0.1756
  ASI: 0.0016
  TVA: 0.2214
  H-score: 0.4281
  Item-wise Gini: [0.084, 0.307, 0.110, 0.361, 0.198, 0.202, 0.232, 0.057, 0.108, 0.177, 0.072]
  Max pairwise normalized dot product: 0.873

Poison Matrix 89:
  [12, 4, 17, 48, 74, 31, 55, 38, 58, 46, 25]
  [17, 3, 2, 75, 74, 61, 66, 35, 43, 35, 79]
  [5, 12, 2, 46, 45, 74, 69, 74, 10, 40, 52]
  ICI: 0.2018
  ASI: 0.0007
  TVA: 0.3309
  H-score: 0.5468
  Item-wise Gini: [0.203, 0.332, 0.497, 0.081, 0.117, 0.173, 0.041, 0.200, 0.313, 0.099, 0.194]
  Max pairwise normalized dot product: 0.914

Poison Matrix 90:
  [4, 11, 1, 10, 79, 33, 44, 56, 71, 73, 74]
  [1, 9, 9, 74, 18, 28, 64, 68, 41, 23, 15]
  [11, 5, 13, 80, 36, 14, 40, 12, 16, 15, 30]
  ICI: 0.2756
  ASI: 0.0002
  TVA: 0.3716
  H-score: 0.6513
  Item-wise Gini: [0.481, 0.072, 0.402, 0.344, 0.227, 0.093, 0.135, 0.277, 0.195, 0.249, 0.252]
  Max pairwise normalized dot product: 0.840

Poison Matrix 91:
  [14, 5, 2, 63, 73, 40, 25, 72, 13, 42, 32]
  [13, 2, 11, 20, 25, 51, 23, 26, 17, 77, 65]
  [13, 20, 16, 35, 80, 37, 46, 13, 71, 62, 44]
  ICI: 0.2264
  ASI: 0.0015
  TVA: 0.3869
  H-score: 0.6440
  Item-wise Gini: [0.061, 0.408, 0.278, 0.228, 0.171, 0.135, 0.110, 0.357, 0.345, 0.169, 0.197]
  Max pairwise normalized dot product: 0.805

Poison Matrix 92:
  [8, 10, 10, 64, 14, 53, 54, 76, 71, 43, 74]
  [10, 1, 2, 57, 20, 44, 53, 57, 19, 59, 77]
  [3, 20, 1, 76, 47, 29, 12, 46, 39, 33, 27]
  ICI: 0.2261
  ASI: 0.0005
  TVA: 0.3120
  H-score: 0.5480
  Item-wise Gini: [0.210, 0.459, 0.413, 0.124, 0.338, 0.052, 0.229, 0.032, 0.215, 0.114, 0.174]
  Max pairwise normalized dot product: 0.936

Poison Matrix 93:
  [18, 2, 13, 29, 43, 75, 62, 38, 60, 54, 43]
  [19, 8, 1, 43, 15, 63, 52, 54, 60, 60, 17]
  [4, 5, 4, 41, 25, 31, 49, 27, 49, 30, 73]
  ICI: 0.1912
  ASI: 0.0007
  TVA: 0.2467
  H-score: 0.4522
  Item-wise Gini: [0.241, 0.265, 0.411, 0.123, 0.190, 0.126, 0.020, 0.127, 0.024, 0.117, 0.322]
  Max pairwise normalized dot product: 0.946

Poison Matrix 94:
  [1, 4, 12, 65, 60, 73, 67, 28, 32, 23, 20]
  [10, 2, 8, 28, 80, 33, 30, 20, 50, 67, 35]
  [20, 18, 19, 38, 42, 27, 19, 31, 74, 21, 18]
  ICI: 0.2344
  ASI: 0.0044
  TVA: 0.4471
  H-score: 0.7702
  Item-wise Gini: [0.428, 0.465, 0.216, 0.169, 0.121, 0.197, 0.246, 0.119, 0.213, 0.270, 0.146]
  Max pairwise normalized dot product: 0.840

Poison Matrix 95:
  [2, 20, 4, 29, 59, 18, 57, 30, 19, 79, 19]
  [4, 8, 12, 43, 44, 24, 65, 48, 58, 14, 25]
  [12, 19, 8, 24, 17, 34, 75, 53, 18, 28, 12]
  ICI: 0.2036
  ASI: 0.0005
  TVA: 0.3372
  H-score: 0.5504
  Item-wise Gini: [0.394, 0.183, 0.208, 0.102, 0.220, 0.168, 0.088, 0.144, 0.261, 0.351, 0.128]
  Max pairwise normalized dot product: 0.879

Poison Matrix 96:
  [10, 17, 9, 63, 56, 67, 52, 53, 28, 78, 26]
  [1, 5, 7, 32, 37, 57, 52, 71, 71, 20, 43]
  [4, 6, 10, 74, 65, 44, 32, 72, 60, 78, 52]
  ICI: 0.1676
  ASI: 0.0009
  TVA: 0.1932
  H-score: 0.3784
  Item-wise Gini: [0.397, 0.270, 0.028, 0.124, 0.072, 0.101, 0.144, 0.097, 0.218, 0.211, 0.128]
  Max pairwise normalized dot product: 0.944

Poison Matrix 97:
  [9, 6, 4, 66, 44, 64, 76, 45, 44, 29, 72]
  [6, 17, 5, 63, 22, 69, 33, 68, 25, 50, 50]
  [4, 20, 20, 22, 71, 50, 22, 72, 36, 79, 65]
  ICI: 0.1859
  ASI: 0.0000
  TVA: 0.2726
  H-score: 0.4593
  Item-wise Gini: [0.170, 0.206, 0.359, 0.206, 0.220, 0.097, 0.267, 0.109, 0.098, 0.202, 0.054]
  Max pairwise normalized dot product: 0.915

Poison Matrix 98:
  [5, 4, 17, 61, 52, 76, 65, 43, 64, 75, 18]
  [3, 20, 18, 60, 43, 59, 69, 80, 18, 15, 67]
  [1, 17, 5, 17, 76, 36, 53, 68, 40, 12, 35]
  ICI: 0.2174
  ASI: 0.0010
  TVA: 0.2747
  H-score: 0.5126
  Item-wise Gini: [0.257, 0.260, 0.194, 0.186, 0.187, 0.100, 0.026, 0.145, 0.219, 0.368, 0.261]
  Max pairwise normalized dot product: 0.887

Poison Matrix 99:
  [8, 12, 6, 69, 62, 73, 32, 28, 76, 73, 66]
  [11, 13, 18, 68, 56, 43, 45, 52, 26, 18, 28]
  [11, 5, 1, 45, 38, 65, 10, 59, 69, 51, 70]
  ICI: 0.1854
  ASI: 0.0009
  TVA: 0.1657
  H-score: 0.3691
  Item-wise Gini: [0.125, 0.215, 0.488, 0.116, 0.108, 0.064, 0.309, 0.168, 0.164, 0.207, 0.164]
  Max pairwise normalized dot product: 0.950

Poison Matrix 100:
  [16, 16, 11, 47, 44, 40, 67, 36, 74, 55, 11]
  [2, 9, 2, 80, 45, 25, 79, 59, 35, 15, 54]
  [20, 5, 11, 45, 79, 80, 71, 30, 11, 25, 47]
  ICI: 0.2196
  ASI: 0.0020
  TVA: 0.3340
  H-score: 0.5937
  Item-wise Gini: [0.311, 0.245, 0.250, 0.146, 0.134, 0.244, 0.044, 0.165, 0.349, 0.277, 0.264]
  Max pairwise normalized dot product: 0.843

=== POISON MATRIX SUMMARY ===
Total matrices: 100
Mean H-score: 0.5303
Standard deviation: 0.1023
