=== SPECIALIZED MATRIX ANALYSIS ===

Specialized Matrix 1:
  [94, 83, 78, 40, 10, 8, 10, 46, 42, 41, 14]
  [31, 19, 5, 95, 72, 88, 25, 48, 18, 48, 1]
  [26, 21, 47, 34, 49, 2, 72, 94, 74, 29, 29]
  ICI: 0.3208
  ASI: 0.0014
  TVA: 0.5327
  H-score: 0.8819
  Item-wise Gini: [0.302, 0.343, 0.376, 0.253, 0.325, 0.588, 0.379, 0.163, 0.269, 0.120, 0.420]
  Max pairwise normalized dot product: 0.677

Specialized Matrix 2:
  [82, 79, 82, 3, 16, 5, 32, 34, 41, 15, 37]
  [20, 35, 35, 86, 79, 91, 33, 27, 20, 2, 31]
  [5, 8, 31, 3, 1, 33, 79, 94, 81, 20, 40]
  ICI: 0.3506
  ASI: 0.0032
  TVA: 0.5751
  H-score: 0.9898
  Item-wise Gini: [0.482, 0.391, 0.223, 0.595, 0.533, 0.424, 0.246, 0.317, 0.312, 0.342, 0.088]
  Max pairwise normalized dot product: 0.570

Specialized Matrix 3:
  [89, 91, 70, 50, 21, 45, 29, 7, 23, 43, 10]
  [40, 27, 36, 92, 75, 91, 13, 41, 7, 19, 32]
  [31, 50, 9, 30, 41, 22, 71, 98, 84, 23, 34]
  ICI: 0.2955
  ASI: 0.0003
  TVA: 0.4841
  H-score: 0.7851
  Item-wise Gini: [0.246, 0.255, 0.355, 0.248, 0.268, 0.297, 0.335, 0.409, 0.445, 0.188, 0.203]
  Max pairwise normalized dot product: 0.707

Specialized Matrix 4:
  [88, 80, 97, 33, 24, 33, 46, 16, 25, 14, 34]
  [35, 44, 3, 80, 79, 86, 4, 42, 25, 45, 37]
  [3, 33, 29, 29, 4, 31, 94, 75, 87, 39, 3]
  ICI: 0.3289
  ASI: 0.0021
  TVA: 0.5028
  H-score: 0.8729
  Item-wise Gini: [0.443, 0.173, 0.470, 0.219, 0.464, 0.234, 0.438, 0.322, 0.332, 0.203, 0.304]
  Max pairwise normalized dot product: 0.591

Specialized Matrix 5:
  [87, 88, 100, 15, 44, 31, 42, 36, 27, 2, 37]
  [44, 2, 25, 75, 75, 83, 8, 49, 36, 37, 45]
  [46, 22, 26, 28, 39, 38, 88, 98, 75, 39, 20]
  ICI: 0.2771
  ASI: 0.0006
  TVA: 0.4832
  H-score: 0.7729
  Item-wise Gini: [0.156, 0.513, 0.327, 0.353, 0.171, 0.244, 0.379, 0.218, 0.224, 0.313, 0.180]
  Max pairwise normalized dot product: 0.719

Specialized Matrix 6:
  [85, 84, 85, 42, 40, 50, 27, 13, 34, 23, 33]
  [37, 46, 48, 96, 80, 85, 26, 36, 9, 12, 23]
  [10, 2, 16, 46, 19, 40, 72, 70, 75, 17, 50]
  ICI: 0.2736
  ASI: 0.0014
  TVA: 0.4676
  H-score: 0.7685
  Item-wise Gini: [0.357, 0.405, 0.281, 0.193, 0.270, 0.137, 0.290, 0.358, 0.409, 0.125, 0.214]
  Max pairwise normalized dot product: 0.804

Specialized Matrix 7:
  [90, 73, 85, 10, 12, 4, 24, 42, 50, 17, 6]
  [8, 21, 43, 77, 87, 88, 43, 45, 49, 19, 48]
  [26, 25, 20, 37, 20, 21, 88, 80, 77, 7, 26]
  ICI: 0.3064
  ASI: 0.0044
  TVA: 0.5252
  H-score: 0.9188
  Item-wise Gini: [0.460, 0.332, 0.317, 0.316, 0.376, 0.464, 0.285, 0.182, 0.148, 0.177, 0.306]
  Max pairwise normalized dot product: 0.725

Specialized Matrix 8:
  [71, 90, 71, 26, 31, 33, 30, 24, 30, 22, 35]
  [45, 25, 18, 72, 97, 75, 17, 15, 39, 15, 33]
  [35, 20, 1, 47, 48, 14, 81, 72, 97, 16, 35]
  ICI: 0.2603
  ASI: 0.0026
  TVA: 0.4922
  H-score: 0.8037
  Item-wise Gini: [0.159, 0.345, 0.516, 0.218, 0.256, 0.339, 0.328, 0.337, 0.266, 0.083, 0.007]
  Max pairwise normalized dot product: 0.683

Specialized Matrix 9:
  [89, 77, 93, 46, 23, 48, 47, 23, 24, 8, 29]
  [11, 31, 18, 82, 98, 81, 4, 34, 13, 32, 29]
  [28, 15, 7, 46, 14, 46, 99, 97, 75, 8, 48]
  ICI: 0.3162
  ASI: 0.0016
  TVA: 0.6092
  H-score: 0.9567
  Item-wise Gini: [0.387, 0.316, 0.470, 0.175, 0.438, 0.163, 0.425, 0.319, 0.359, 0.365, 0.126]
  Max pairwise normalized dot product: 0.593

Specialized Matrix 10:
  [87, 100, 85, 17, 18, 2, 24, 6, 40, 28, 42]
  [14, 32, 43, 76, 99, 93, 25, 22, 9, 44, 45]
  [43, 18, 31, 36, 35, 19, 74, 88, 85, 9, 43]
  ICI: 0.3223
  ASI: 0.0023
  TVA: 0.5453
  H-score: 0.9133
  Item-wise Gini: [0.356, 0.381, 0.245, 0.287, 0.338, 0.526, 0.270, 0.471, 0.373, 0.272, 0.010]
  Max pairwise normalized dot product: 0.588

Specialized Matrix 11:
  [92, 70, 89, 39, 36, 10, 13, 10, 23, 38, 11]
  [24, 1, 26, 95, 76, 71, 33, 37, 22, 37, 27]
  [9, 29, 34, 14, 30, 6, 70, 89, 71, 43, 25]
  ICI: 0.3148
  ASI: 0.0006
  TVA: 0.5361
  H-score: 0.8635
  Item-wise Gini: [0.444, 0.457, 0.287, 0.354, 0.201, 0.490, 0.337, 0.396, 0.295, 0.049, 0.159]
  Max pairwise normalized dot product: 0.588

Specialized Matrix 12:
  [95, 90, 86, 38, 33, 43, 23, 43, 46, 31, 23]
  [33, 47, 13, 70, 86, 78, 50, 47, 40, 49, 20]
  [5, 37, 26, 37, 41, 7, 72, 89, 94, 48, 19]
  ICI: 0.2290
  ASI: 0.0030
  TVA: 0.4269
  H-score: 0.7161
  Item-wise Gini: [0.441, 0.173, 0.373, 0.149, 0.220, 0.367, 0.255, 0.206, 0.230, 0.120, 0.024]
  Max pairwise normalized dot product: 0.763

Specialized Matrix 13:
  [83, 82, 95, 2, 45, 33, 23, 6, 41, 29, 14]
  [13, 40, 8, 72, 91, 82, 33, 12, 15, 38, 37]
  [17, 42, 14, 20, 20, 6, 78, 87, 83, 35, 33]
  ICI: 0.3321
  ASI: 0.0002
  TVA: 0.5539
  H-score: 0.8902
  Item-wise Gini: [0.407, 0.163, 0.491, 0.496, 0.304, 0.421, 0.281, 0.518, 0.331, 0.064, 0.185]
  Max pairwise normalized dot product: 0.548

Specialized Matrix 14:
  [87, 83, 90, 32, 26, 36, 18, 15, 44, 8, 5]
  [19, 44, 38, 99, 71, 88, 49, 33, 24, 44, 20]
  [37, 15, 19, 33, 20, 45, 78, 84, 100, 31, 44]
  ICI: 0.3017
  ASI: 0.0026
  TVA: 0.5265
  H-score: 0.8800
  Item-wise Gini: [0.350, 0.350, 0.353, 0.251, 0.272, 0.169, 0.264, 0.336, 0.297, 0.267, 0.371]
  Max pairwise normalized dot product: 0.684

Specialized Matrix 15:
  [83, 76, 70, 34, 21, 13, 30, 42, 23, 3, 3]
  [38, 2, 23, 98, 85, 70, 22, 43, 31, 46, 30]
  [7, 35, 8, 47, 31, 2, 98, 81, 95, 7, 11]
  ICI: 0.3693
  ASI: 0.0041
  TVA: 0.6401
  H-score: 1.0909
  Item-wise Gini: [0.422, 0.448, 0.432, 0.193, 0.269, 0.511, 0.354, 0.180, 0.322, 0.488, 0.378]
  Max pairwise normalized dot product: 0.572

Specialized Matrix 16:
  [80, 99, 88, 27, 34, 38, 13, 29, 28, 32, 45]
  [35, 31, 4, 70, 93, 95, 26, 20, 5, 38, 49]
  [41, 27, 39, 21, 35, 16, 80, 90, 87, 22, 41]
  ICI: 0.2837
  ASI: 0.0017
  TVA: 0.5309
  H-score: 0.8481
  Item-wise Gini: [0.172, 0.295, 0.421, 0.294, 0.264, 0.369, 0.373, 0.327, 0.455, 0.133, 0.056]
  Max pairwise normalized dot product: 0.656

Specialized Matrix 17:
  [78, 81, 78, 16, 30, 2, 7, 38, 8, 11, 4]
  [40, 11, 42, 78, 80, 74, 39, 39, 28, 13, 7]
  [36, 32, 36, 2, 32, 26, 80, 72, 74, 48, 21]
  ICI: 0.3278
  ASI: 0.0076
  TVA: 0.5987
  H-score: 1.0779
  Item-wise Gini: [0.245, 0.423, 0.242, 0.505, 0.216, 0.466, 0.367, 0.134, 0.376, 0.307, 0.316]
  Max pairwise normalized dot product: 0.661

Specialized Matrix 18:
  [77, 89, 77, 41, 27, 38, 42, 13, 7, 14, 18]
  [24, 43, 24, 75, 93, 79, 17, 19, 18, 23, 37]
  [26, 45, 18, 25, 33, 4, 77, 98, 94, 13, 13]
  ICI: 0.3005
  ASI: 0.0013
  TVA: 0.5851
  H-score: 0.9113
  Item-wise Gini: [0.282, 0.178, 0.333, 0.233, 0.283, 0.410, 0.295, 0.436, 0.488, 0.130, 0.232]
  Max pairwise normalized dot product: 0.693

Specialized Matrix 19:
  [77, 92, 73, 31, 16, 16, 11, 6, 24, 14, 34]
  [8, 22, 30, 89, 70, 80, 47, 6, 32, 45, 38]
  [34, 32, 39, 37, 23, 30, 74, 100, 76, 39, 10]
  ICI: 0.3093
  ASI: 0.0027
  TVA: 0.5163
  H-score: 0.8796
  Item-wise Gini: [0.422, 0.360, 0.246, 0.224, 0.307, 0.320, 0.292, 0.548, 0.219, 0.192, 0.234]
  Max pairwise normalized dot product: 0.638

Specialized Matrix 20:
  [100, 87, 94, 22, 24, 33, 2, 20, 6, 14, 37]
  [1, 35, 43, 77, 70, 85, 18, 16, 44, 49, 3]
  [46, 34, 20, 30, 46, 18, 84, 72, 87, 44, 11]
  ICI: 0.3409
  ASI: 0.0036
  TVA: 0.5502
  H-score: 0.9624
  Item-wise Gini: [0.465, 0.248, 0.328, 0.290, 0.226, 0.342, 0.513, 0.322, 0.375, 0.227, 0.455]
  Max pairwise normalized dot product: 0.650

Specialized Matrix 21:
  [85, 95, 100, 5, 46, 26, 8, 40, 20, 47, 42]
  [37, 24, 34, 90, 95, 98, 18, 34, 35, 21, 47]
  [38, 50, 20, 36, 49, 6, 92, 73, 72, 3, 41]
  ICI: 0.2974
  ASI: 0.0006
  TVA: 0.5396
  H-score: 0.8499
  Item-wise Gini: [0.204, 0.279, 0.340, 0.418, 0.160, 0.463, 0.487, 0.200, 0.291, 0.414, 0.017]
  Max pairwise normalized dot product: 0.642

Specialized Matrix 22:
  [84, 87, 100, 27, 22, 20, 44, 23, 5, 49, 50]
  [42, 15, 49, 79, 77, 87, 10, 33, 23, 8, 31]
  [12, 45, 29, 5, 48, 10, 77, 74, 96, 38, 45]
  ICI: 0.3230
  ASI: 0.0000
  TVA: 0.4878
  H-score: 0.8111
  Item-wise Gini: [0.329, 0.308, 0.247, 0.460, 0.270, 0.452, 0.344, 0.268, 0.487, 0.271, 0.076]
  Max pairwise normalized dot product: 0.617

Specialized Matrix 23:
  [77, 83, 85, 29, 20, 39, 11, 12, 49, 26, 5]
  [37, 37, 21, 97, 74, 85, 13, 8, 45, 14, 16]
  [19, 35, 35, 1, 20, 29, 92, 72, 77, 16, 30]
  ICI: 0.3079
  ASI: 0.0001
  TVA: 0.5946
  H-score: 0.9040
  Item-wise Gini: [0.290, 0.203, 0.304, 0.501, 0.309, 0.234, 0.470, 0.470, 0.136, 0.147, 0.334]
  Max pairwise normalized dot product: 0.672

Specialized Matrix 24:
  [80, 79, 96, 15, 47, 22, 33, 23, 26, 19, 30]
  [50, 49, 17, 88, 96, 72, 27, 29, 50, 25, 37]
  [39, 9, 35, 39, 11, 29, 76, 72, 90, 33, 46]
  ICI: 0.2560
  ASI: 0.0005
  TVA: 0.4637
  H-score: 0.7304
  Item-wise Gini: [0.172, 0.359, 0.373, 0.316, 0.343, 0.240, 0.260, 0.267, 0.263, 0.122, 0.094]
  Max pairwise normalized dot product: 0.694

Specialized Matrix 25:
  [90, 99, 96, 16, 8, 43, 21, 41, 32, 15, 19]
  [1, 28, 43, 85, 71, 73, 34, 22, 36, 8, 24]
  [5, 14, 8, 21, 11, 20, 93, 78, 100, 29, 8]
  ICI: 0.3509
  ASI: 0.0030
  TVA: 0.6057
  H-score: 1.0162
  Item-wise Gini: [0.609, 0.368, 0.371, 0.386, 0.473, 0.256, 0.360, 0.295, 0.312, 0.299, 0.204]
  Max pairwise normalized dot product: 0.549

Specialized Matrix 26:
  [93, 72, 88, 7, 12, 8, 38, 38, 24, 37, 12]
  [26, 5, 32, 95, 74, 81, 11, 48, 21, 39, 43]
  [47, 20, 47, 44, 50, 44, 94, 76, 71, 25, 40]
  ICI: 0.2878
  ASI: 0.0070
  TVA: 0.4316
  H-score: 0.8594
  Item-wise Gini: [0.304, 0.490, 0.257, 0.415, 0.312, 0.378, 0.346, 0.097, 0.243, 0.130, 0.219]
  Max pairwise normalized dot product: 0.747

Specialized Matrix 27:
  [98, 100, 83, 31, 9, 28, 7, 39, 31, 43, 24]
  [38, 32, 43, 76, 72, 70, 3, 3, 47, 27, 5]
  [26, 36, 45, 34, 17, 40, 100, 96, 93, 47, 42]
  ICI: 0.3006
  ASI: 0.0023
  TVA: 0.5443
  H-score: 0.8904
  Item-wise Gini: [0.306, 0.273, 0.172, 0.271, 0.467, 0.252, 0.569, 0.420, 0.195, 0.064, 0.304]
  Max pairwise normalized dot product: 0.660

Specialized Matrix 28:
  [71, 72, 92, 22, 7, 32, 17, 14, 18, 30, 29]
  [15, 11, 49, 98, 99, 80, 42, 49, 33, 22, 47]
  [26, 27, 43, 20, 29, 12, 91, 71, 72, 28, 11]
  ICI: 0.3018
  ASI: 0.0005
  TVA: 0.5135
  H-score: 0.8260
  Item-wise Gini: [0.375, 0.403, 0.220, 0.317, 0.411, 0.312, 0.342, 0.300, 0.301, 0.126, 0.220]
  Max pairwise normalized dot product: 0.655

Specialized Matrix 29:
  [85, 79, 97, 47, 38, 20, 43, 14, 6, 19, 25]
  [44, 29, 3, 78, 94, 86, 35, 45, 37, 9, 30]
  [27, 4, 10, 15, 27, 50, 95, 86, 83, 1, 49]
  ICI: 0.3331
  ASI: 0.0017
  TVA: 0.5379
  H-score: 0.9055
  Item-wise Gini: [0.241, 0.448, 0.568, 0.287, 0.263, 0.269, 0.251, 0.346, 0.421, 0.416, 0.169]
  Max pairwise normalized dot product: 0.695

Specialized Matrix 30:
  [98, 85, 82, 26, 48, 14, 48, 23, 7, 1, 16]
  [49, 39, 20, 97, 97, 98, 19, 20, 20, 21, 5]
  [5, 48, 20, 19, 46, 40, 81, 88, 77, 18, 3]
  ICI: 0.3278
  ASI: 0.0003
  TVA: 0.5670
  H-score: 0.9008
  Item-wise Gini: [0.418, 0.193, 0.351, 0.349, 0.157, 0.352, 0.290, 0.359, 0.456, 0.318, 0.366]
  Max pairwise normalized dot product: 0.622

Specialized Matrix 31:
  [76, 89, 80, 8, 37, 41, 43, 33, 22, 31, 36]
  [3, 14, 9, 82, 84, 87, 47, 10, 39, 43, 2]
  [50, 42, 34, 33, 27, 19, 94, 99, 97, 3, 12]
  ICI: 0.3447
  ASI: 0.0049
  TVA: 0.5310
  H-score: 0.9747
  Item-wise Gini: [0.377, 0.330, 0.374, 0.433, 0.299, 0.346, 0.170, 0.399, 0.297, 0.377, 0.448]
  Max pairwise normalized dot product: 0.692

Specialized Matrix 32:
  [80, 95, 71, 47, 10, 22, 33, 42, 30, 18, 48]
  [30, 44, 47, 99, 76, 77, 23, 23, 36, 45, 7]
  [16, 13, 19, 28, 36, 30, 72, 100, 96, 38, 11]
  ICI: 0.2999
  ASI: 0.0013
  TVA: 0.5304
  H-score: 0.8558
  Item-wise Gini: [0.330, 0.355, 0.245, 0.255, 0.348, 0.274, 0.277, 0.331, 0.291, 0.168, 0.411]
  Max pairwise normalized dot product: 0.692

Specialized Matrix 33:
  [85, 94, 87, 45, 2, 16, 28, 35, 24, 21, 20]
  [26, 46, 9, 86, 74, 83, 16, 4, 37, 48, 21]
  [44, 35, 32, 23, 46, 34, 87, 71, 89, 20, 26]
  ICI: 0.2920
  ASI: 0.0029
  TVA: 0.5086
  H-score: 0.8586
  Item-wise Gini: [0.259, 0.242, 0.415, 0.290, 0.411, 0.348, 0.338, 0.388, 0.264, 0.233, 0.035]
  Max pairwise normalized dot product: 0.661

Specialized Matrix 34:
  [97, 77, 100, 25, 22, 48, 9, 50, 24, 19, 47]
  [15, 50, 50, 99, 80, 76, 41, 47, 14, 50, 36]
  [40, 34, 5, 23, 19, 7, 75, 89, 78, 36, 25]
  ICI: 0.2892
  ASI: 0.0025
  TVA: 0.4888
  H-score: 0.8271
  Item-wise Gini: [0.348, 0.147, 0.411, 0.309, 0.293, 0.326, 0.394, 0.210, 0.412, 0.168, 0.102]
  Max pairwise normalized dot product: 0.687

Specialized Matrix 35:
  [96, 80, 85, 15, 46, 31, 43, 44, 28, 21, 50]
  [39, 10, 12, 83, 75, 75, 3, 40, 1, 26, 40]
  [20, 28, 47, 42, 25, 40, 88, 94, 83, 37, 41]
  ICI: 0.2822
  ASI: 0.0053
  TVA: 0.4747
  H-score: 0.8632
  Item-wise Gini: [0.303, 0.367, 0.312, 0.382, 0.294, 0.270, 0.413, 0.172, 0.483, 0.113, 0.059]
  Max pairwise normalized dot product: 0.718

Specialized Matrix 36:
  [98, 92, 93, 30, 38, 23, 37, 37, 19, 41, 43]
  [26, 12, 27, 90, 74, 76, 43, 15, 38, 39, 47]
  [46, 24, 35, 12, 2, 50, 91, 97, 80, 45, 9]
  ICI: 0.2907
  ASI: 0.0022
  TVA: 0.4758
  H-score: 0.8101
  Item-wise Gini: [0.255, 0.395, 0.256, 0.405, 0.438, 0.254, 0.231, 0.376, 0.311, 0.047, 0.270]
  Max pairwise normalized dot product: 0.646

Specialized Matrix 37:
  [96, 93, 91, 17, 31, 6, 27, 20, 22, 26, 36]
  [11, 6, 18, 72, 73, 79, 37, 32, 37, 4, 32]
  [5, 45, 18, 47, 2, 40, 74, 87, 81, 20, 19]
  ICI: 0.3351
  ASI: 0.0000
  TVA: 0.5125
  H-score: 0.8484
  Item-wise Gini: [0.530, 0.388, 0.366, 0.295, 0.467, 0.407, 0.232, 0.323, 0.283, 0.275, 0.121]
  Max pairwise normalized dot product: 0.684

Specialized Matrix 38:
  [74, 93, 96, 43, 22, 30, 36, 15, 37, 49, 3]
  [29, 48, 13, 79, 97, 88, 21, 29, 22, 20, 10]
  [41, 29, 3, 16, 27, 42, 87, 73, 72, 17, 7]
  ICI: 0.2976
  ASI: 0.0004
  TVA: 0.5510
  H-score: 0.8557
  Item-wise Gini: [0.182, 0.215, 0.541, 0.301, 0.349, 0.250, 0.333, 0.361, 0.283, 0.208, 0.236]
  Max pairwise normalized dot product: 0.627

Specialized Matrix 39:
  [86, 95, 76, 31, 18, 50, 37, 31, 19, 33, 44]
  [35, 30, 16, 88, 85, 71, 25, 28, 47, 48, 43]
  [5, 15, 38, 33, 1, 36, 90, 95, 81, 46, 43]
  ICI: 0.2722
  ASI: 0.0027
  TVA: 0.4757
  H-score: 0.8016
  Item-wise Gini: [0.424, 0.372, 0.300, 0.248, 0.538, 0.136, 0.300, 0.306, 0.296, 0.084, 0.015]
  Max pairwise normalized dot product: 0.681

Specialized Matrix 40:
  [72, 87, 80, 37, 20, 29, 15, 38, 47, 8, 38]
  [12, 47, 3, 93, 79, 94, 19, 7, 39, 43, 31]
  [6, 40, 16, 26, 15, 40, 84, 80, 86, 13, 3]
  ICI: 0.3422
  ASI: 0.0025
  TVA: 0.6046
  H-score: 0.9971
  Item-wise Gini: [0.477, 0.151, 0.506, 0.265, 0.356, 0.258, 0.416, 0.413, 0.215, 0.355, 0.317]
  Max pairwise normalized dot product: 0.616

Specialized Matrix 41:
  [88, 73, 82, 37, 28, 45, 7, 1, 29, 41, 31]
  [22, 36, 5, 90, 76, 76, 24, 39, 9, 10, 35]
  [12, 37, 34, 17, 49, 39, 81, 92, 76, 48, 40]
  ICI: 0.3013
  ASI: 0.0025
  TVA: 0.4863
  H-score: 0.8379
  Item-wise Gini: [0.421, 0.186, 0.435, 0.370, 0.238, 0.201, 0.410, 0.428, 0.360, 0.221, 0.047]
  Max pairwise normalized dot product: 0.644

Specialized Matrix 42:
  [73, 83, 86, 50, 42, 19, 37, 46, 5, 32, 26]
  [15, 3, 11, 90, 83, 94, 25, 9, 25, 12, 7]
  [36, 43, 45, 14, 48, 1, 71, 73, 91, 33, 50]
  ICI: 0.3339
  ASI: 0.0095
  TVA: 0.4740
  H-score: 0.9971
  Item-wise Gini: [0.275, 0.407, 0.328, 0.385, 0.229, 0.570, 0.175, 0.308, 0.441, 0.137, 0.315]
  Max pairwise normalized dot product: 0.728

Specialized Matrix 43:
  [72, 79, 92, 27, 20, 6, 41, 7, 10, 3, 16]
  [27, 10, 21, 91, 90, 78, 8, 20, 21, 2, 26]
  [7, 39, 3, 48, 32, 27, 98, 96, 71, 38, 34]
  ICI: 0.3912
  ASI: 0.0026
  TVA: 0.6280
  H-score: 1.0721
  Item-wise Gini: [0.432, 0.393, 0.524, 0.264, 0.336, 0.451, 0.362, 0.444, 0.349, 0.532, 0.098]
  Max pairwise normalized dot product: 0.531

Specialized Matrix 44:
  [83, 100, 83, 40, 44, 15, 26, 34, 34, 18, 26]
  [2, 15, 4, 82, 70, 87, 14, 14, 43, 29, 9]
  [22, 21, 24, 21, 31, 26, 84, 78, 89, 11, 30]
  ICI: 0.3266
  ASI: 0.0053
  TVA: 0.5550
  H-score: 0.9873
  Item-wise Gini: [0.482, 0.367, 0.445, 0.332, 0.227, 0.422, 0.365, 0.330, 0.234, 0.255, 0.204]
  Max pairwise normalized dot product: 0.610

Specialized Matrix 45:
  [72, 85, 90, 26, 6, 5, 35, 20, 3, 48, 40]
  [5, 17, 39, 70, 89, 81, 10, 38, 5, 24, 47]
  [7, 21, 36, 34, 42, 43, 71, 96, 83, 27, 24]
  ICI: 0.3369
  ASI: 0.0021
  TVA: 0.5792
  H-score: 0.9589
  Item-wise Gini: [0.536, 0.374, 0.240, 0.235, 0.420, 0.410, 0.326, 0.303, 0.577, 0.166, 0.161]
  Max pairwise normalized dot product: 0.659

Specialized Matrix 46:
  [83, 75, 88, 50, 8, 49, 27, 48, 9, 12, 15]
  [2, 42, 25, 89, 78, 83, 20, 6, 29, 33, 20]
  [31, 31, 14, 2, 18, 18, 93, 81, 100, 33, 37]
  ICI: 0.3402
  ASI: 0.0002
  TVA: 0.5169
  H-score: 0.8608
  Item-wise Gini: [0.462, 0.191, 0.380, 0.424, 0.461, 0.305, 0.338, 0.369, 0.434, 0.196, 0.202]
  Max pairwise normalized dot product: 0.601

Specialized Matrix 47:
  [90, 86, 92, 3, 16, 34, 13, 2, 27, 35, 8]
  [26, 46, 12, 79, 88, 83, 11, 16, 43, 39, 36]
  [4, 33, 37, 16, 11, 21, 85, 78, 93, 13, 35]
  ICI: 0.3654
  ASI: 0.0036
  TVA: 0.5718
  H-score: 1.0088
  Item-wise Gini: [0.496, 0.232, 0.397, 0.500, 0.423, 0.270, 0.462, 0.536, 0.270, 0.187, 0.235]
  Max pairwise normalized dot product: 0.527

Specialized Matrix 48:
  [90, 96, 71, 49, 34, 20, 8, 40, 48, 35, 31]
  [1, 10, 13, 97, 91, 75, 4, 40, 18, 5, 32]
  [15, 25, 14, 33, 31, 19, 78, 83, 91, 18, 49]
  ICI: 0.3364
  ASI: 0.0087
  TVA: 0.6319
  H-score: 1.1415
  Item-wise Gini: [0.545, 0.398, 0.350, 0.286, 0.308, 0.379, 0.545, 0.194, 0.302, 0.302, 0.128]
  Max pairwise normalized dot product: 0.612

Specialized Matrix 49:
  [77, 72, 79, 18, 31, 25, 48, 46, 24, 3, 5]
  [20, 2, 37, 88, 83, 86, 30, 40, 25, 23, 40]
  [6, 9, 32, 10, 50, 13, 71, 94, 82, 46, 2]
  ICI: 0.3547
  ASI: 0.0024
  TVA: 0.6322
  H-score: 1.0341
  Item-wise Gini: [0.466, 0.563, 0.211, 0.428, 0.186, 0.369, 0.207, 0.226, 0.315, 0.416, 0.526]
  Max pairwise normalized dot product: 0.611

Specialized Matrix 50:
  [91, 85, 85, 47, 2, 43, 30, 24, 33, 18, 41]
  [7, 43, 26, 81, 78, 72, 50, 35, 17, 25, 10]
  [14, 28, 23, 32, 35, 9, 71, 71, 86, 15, 43]
  ICI: 0.2859
  ASI: 0.0000
  TVA: 0.4685
  H-score: 0.7552
  Item-wise Gini: [0.481, 0.210, 0.275, 0.204, 0.437, 0.349, 0.209, 0.269, 0.356, 0.111, 0.254]
  Max pairwise normalized dot product: 0.667

Specialized Matrix 51:
  [92, 91, 80, 17, 49, 50, 39, 31, 49, 7, 5]
  [30, 17, 29, 98, 93, 72, 11, 48, 10, 47, 36]
  [47, 47, 22, 17, 47, 25, 74, 95, 96, 26, 13]
  ICI: 0.3011
  ASI: 0.0001
  TVA: 0.5235
  H-score: 0.8273
  Item-wise Gini: [0.238, 0.314, 0.292, 0.416, 0.171, 0.221, 0.336, 0.243, 0.368, 0.341, 0.390]
  Max pairwise normalized dot product: 0.759

Specialized Matrix 52:
  [81, 81, 77, 23, 44, 33, 24, 1, 9, 37, 6]
  [22, 48, 31, 75, 71, 95, 24, 17, 14, 47, 24]
  [2, 17, 16, 20, 46, 42, 86, 90, 73, 45, 18]
  ICI: 0.3083
  ASI: 0.0013
  TVA: 0.5427
  H-score: 0.8768
  Item-wise Gini: [0.516, 0.313, 0.349, 0.299, 0.094, 0.220, 0.308, 0.551, 0.437, 0.027, 0.233]
  Max pairwise normalized dot product: 0.719

Specialized Matrix 53:
  [91, 79, 94, 8, 8, 4, 35, 42, 36, 11, 28]
  [33, 8, 43, 76, 71, 86, 23, 17, 18, 20, 46]
  [16, 20, 36, 39, 13, 26, 91, 72, 86, 31, 7]
  ICI: 0.3421
  ASI: 0.0014
  TVA: 0.5716
  H-score: 0.9419
  Item-wise Gini: [0.358, 0.443, 0.225, 0.367, 0.455, 0.470, 0.305, 0.281, 0.325, 0.215, 0.319]
  Max pairwise normalized dot product: 0.612

Specialized Matrix 54:
  [92, 100, 87, 25, 25, 4, 46, 44, 1, 50, 47]
  [30, 1, 20, 95, 74, 90, 1, 38, 50, 42, 8]
  [6, 36, 32, 34, 27, 1, 75, 85, 70, 10, 49]
  ICI: 0.3577
  ASI: 0.0008
  TVA: 0.5031
  H-score: 0.8760
  Item-wise Gini: [0.421, 0.454, 0.285, 0.321, 0.282, 0.627, 0.435, 0.209, 0.390, 0.227, 0.291]
  Max pairwise normalized dot product: 0.623

Specialized Matrix 55:
  [89, 94, 74, 31, 37, 43, 19, 28, 42, 3, 7]
  [40, 22, 15, 80, 84, 94, 15, 20, 15, 44, 16]
  [23, 23, 31, 45, 39, 27, 73, 87, 100, 16, 45]
  ICI: 0.3182
  ASI: 0.0012
  TVA: 0.6074
  H-score: 0.9486
  Item-wise Gini: [0.298, 0.352, 0.329, 0.226, 0.217, 0.296, 0.336, 0.304, 0.339, 0.451, 0.351]
  Max pairwise normalized dot product: 0.635

Specialized Matrix 56:
  [78, 79, 87, 25, 24, 45, 20, 9, 7, 43, 23]
  [5, 19, 43, 96, 86, 74, 19, 26, 40, 32, 13]
  [29, 12, 38, 11, 12, 5, 87, 79, 70, 24, 35]
  ICI: 0.3366
  ASI: 0.0002
  TVA: 0.5649
  H-score: 0.9062
  Item-wise Gini: [0.426, 0.397, 0.178, 0.416, 0.389, 0.362, 0.383, 0.428, 0.379, 0.111, 0.232]
  Max pairwise normalized dot product: 0.591

Specialized Matrix 57:
  [95, 82, 98, 44, 36, 2, 28, 7, 29, 30, 13]
  [30, 8, 49, 100, 93, 98, 43, 45, 21, 47, 19]
  [43, 12, 33, 18, 17, 3, 90, 78, 81, 14, 15]
  ICI: 0.3219
  ASI: 0.0019
  TVA: 0.5639
  H-score: 0.9232
  Item-wise Gini: [0.275, 0.490, 0.226, 0.284, 0.292, 0.610, 0.300, 0.410, 0.360, 0.182, 0.061]
  Max pairwise normalized dot product: 0.577

Specialized Matrix 58:
  [95, 99, 78, 38, 14, 48, 4, 21, 48, 17, 44]
  [24, 23, 28, 84, 100, 82, 2, 39, 35, 44, 42]
  [25, 28, 17, 4, 50, 42, 89, 89, 92, 46, 44]
  ICI: 0.2953
  ASI: 0.0003
  TVA: 0.5087
  H-score: 0.8104
  Item-wise Gini: [0.330, 0.339, 0.335, 0.426, 0.355, 0.164, 0.608, 0.295, 0.207, 0.172, 0.009]
  Max pairwise normalized dot product: 0.640

Specialized Matrix 59:
  [85, 100, 73, 32, 24, 44, 5, 49, 48, 40, 41]
  [44, 29, 31, 83, 87, 73, 37, 27, 25, 32, 23]
  [11, 50, 22, 38, 14, 24, 92, 93, 83, 32, 43]
  ICI: 0.2588
  ASI: 0.0012
  TVA: 0.4509
  H-score: 0.7335
  Item-wise Gini: [0.336, 0.244, 0.251, 0.241, 0.399, 0.242, 0.433, 0.263, 0.250, 0.033, 0.124]
  Max pairwise normalized dot product: 0.708

Specialized Matrix 60:
  [78, 90, 99, 21, 13, 39, 11, 24, 20, 36, 44]
  [10, 27, 39, 78, 81, 97, 20, 44, 34, 36, 28]
  [31, 43, 26, 29, 47, 15, 86, 85, 93, 23, 5]
  ICI: 0.3067
  ASI: 0.0006
  TVA: 0.5113
  H-score: 0.8297
  Item-wise Gini: [0.386, 0.270, 0.302, 0.289, 0.315, 0.356, 0.427, 0.265, 0.330, 0.096, 0.344]
  Max pairwise normalized dot product: 0.647

Specialized Matrix 61:
  [94, 72, 80, 18, 5, 27, 43, 17, 29, 36, 49]
  [39, 15, 28, 84, 99, 81, 43, 9, 7, 11, 11]
  [22, 36, 27, 5, 44, 50, 91, 82, 93, 26, 15]
  ICI: 0.3333
  ASI: 0.0018
  TVA: 0.5854
  H-score: 0.9551
  Item-wise Gini: [0.308, 0.301, 0.264, 0.507, 0.444, 0.253, 0.166, 0.434, 0.431, 0.218, 0.326]
  Max pairwise normalized dot product: 0.609

Specialized Matrix 62:
  [89, 100, 98, 50, 16, 49, 47, 50, 18, 48, 1]
  [43, 20, 17, 85, 90, 86, 20, 32, 20, 38, 41]
  [37, 1, 27, 40, 40, 40, 100, 88, 93, 13, 20]
  ICI: 0.3093
  ASI: 0.0006
  TVA: 0.5369
  H-score: 0.8585
  Item-wise Gini: [0.174, 0.531, 0.353, 0.181, 0.354, 0.185, 0.329, 0.225, 0.398, 0.208, 0.434]
  Max pairwise normalized dot product: 0.641

Specialized Matrix 63:
  [84, 93, 74, 32, 33, 10, 31, 21, 20, 28, 36]
  [23, 5, 44, 90, 75, 76, 32, 8, 18, 43, 40]
  [44, 24, 26, 34, 12, 1, 78, 98, 92, 50, 22]
  ICI: 0.3148
  ASI: 0.0006
  TVA: 0.5520
  H-score: 0.8791
  Item-wise Gini: [0.270, 0.484, 0.227, 0.254, 0.357, 0.577, 0.211, 0.465, 0.369, 0.111, 0.133]
  Max pairwise normalized dot product: 0.608

Specialized Matrix 64:
  [86, 97, 83, 36, 43, 29, 13, 48, 36, 43, 2]
  [35, 14, 12, 73, 95, 95, 39, 35, 38, 34, 44]
  [42, 45, 31, 18, 43, 27, 71, 94, 90, 19, 13]
  ICI: 0.2833
  ASI: 0.0001
  TVA: 0.5323
  H-score: 0.8183
  Item-wise Gini: [0.205, 0.350, 0.371, 0.283, 0.190, 0.293, 0.323, 0.232, 0.230, 0.159, 0.470]
  Max pairwise normalized dot product: 0.737

Specialized Matrix 65:
  [100, 97, 72, 23, 47, 43, 48, 33, 38, 15, 23]
  [7, 14, 10, 100, 81, 74, 30, 6, 41, 44, 50]
  [38, 16, 10, 17, 32, 7, 93, 77, 90, 9, 35]
  ICI: 0.3310
  ASI: 0.0033
  TVA: 0.5894
  H-score: 0.9856
  Item-wise Gini: [0.391, 0.401, 0.416, 0.395, 0.200, 0.375, 0.274, 0.439, 0.254, 0.344, 0.190]
  Max pairwise normalized dot product: 0.639

Specialized Matrix 66:
  [73, 78, 73, 25, 29, 5, 41, 24, 4, 45, 31]
  [25, 40, 13, 100, 100, 86, 41, 29, 26, 14, 42]
  [50, 17, 5, 19, 33, 48, 94, 90, 82, 5, 20]
  ICI: 0.3289
  ASI: 0.0009
  TVA: 0.5783
  H-score: 0.9257
  Item-wise Gini: [0.249, 0.327, 0.516, 0.347, 0.252, 0.366, 0.218, 0.301, 0.472, 0.440, 0.129]
  Max pairwise normalized dot product: 0.636

Specialized Matrix 67:
  [90, 82, 94, 28, 23, 14, 46, 20, 22, 24, 36]
  [3, 23, 34, 80, 86, 96, 27, 3, 20, 46, 34]
  [1, 35, 50, 3, 17, 43, 79, 97, 87, 49, 27]
  ICI: 0.3291
  ASI: 0.0008
  TVA: 0.5471
  H-score: 0.8916
  Item-wise Gini: [0.630, 0.273, 0.216, 0.471, 0.379, 0.370, 0.214, 0.518, 0.333, 0.137, 0.064]
  Max pairwise normalized dot product: 0.591

Specialized Matrix 68:
  [71, 81, 73, 44, 4, 33, 30, 40, 20, 12, 31]
  [14, 50, 50, 81, 81, 80, 33, 2, 40, 39, 50]
  [47, 44, 47, 16, 23, 4, 94, 92, 77, 20, 31]
  ICI: 0.2827
  ASI: 0.0009
  TVA: 0.4871
  H-score: 0.7872
  Item-wise Gini: [0.317, 0.172, 0.133, 0.285, 0.463, 0.410, 0.262, 0.432, 0.264, 0.223, 0.097]
  Max pairwise normalized dot product: 0.743

Specialized Matrix 69:
  [94, 85, 78, 32, 43, 9, 32, 31, 34, 5, 20]
  [5, 32, 31, 88, 91, 95, 48, 27, 48, 37, 19]
  [12, 50, 49, 39, 49, 16, 82, 99, 85, 1, 4]
  ICI: 0.3048
  ASI: 0.0009
  TVA: 0.5416
  H-score: 0.8644
  Item-wise Gini: [0.543, 0.234, 0.221, 0.209, 0.148, 0.463, 0.201, 0.314, 0.199, 0.548, 0.265]
  Max pairwise normalized dot product: 0.697

Specialized Matrix 70:
  [80, 93, 89, 26, 22, 39, 49, 46, 33, 34, 28]
  [21, 12, 40, 91, 70, 90, 50, 9, 10, 9, 49]
  [49, 43, 20, 50, 6, 25, 91, 99, 80, 35, 20]
  ICI: 0.2955
  ASI: 0.0032
  TVA: 0.4736
  H-score: 0.8329
  Item-wise Gini: [0.234, 0.345, 0.288, 0.295, 0.461, 0.315, 0.150, 0.385, 0.371, 0.211, 0.234]
  Max pairwise normalized dot product: 0.760

Specialized Matrix 71:
  [79, 79, 79, 39, 49, 15, 49, 41, 5, 5, 32]
  [26, 32, 23, 94, 86, 85, 31, 14, 47, 10, 29]
  [36, 30, 28, 39, 15, 11, 74, 80, 89, 31, 32]
  ICI: 0.2773
  ASI: 0.0003
  TVA: 0.5089
  H-score: 0.7922
  Item-wise Gini: [0.251, 0.229, 0.288, 0.210, 0.312, 0.441, 0.191, 0.330, 0.401, 0.381, 0.027]
  Max pairwise normalized dot product: 0.673

Specialized Matrix 72:
  [85, 93, 78, 6, 35, 30, 20, 39, 17, 32, 38]
  [7, 2, 24, 93, 85, 98, 49, 26, 9, 20, 13]
  [47, 31, 43, 30, 48, 36, 86, 92, 95, 35, 17]
  ICI: 0.3115
  ASI: 0.0075
  TVA: 0.5249
  H-score: 0.9866
  Item-wise Gini: [0.389, 0.498, 0.243, 0.482, 0.233, 0.310, 0.239, 0.224, 0.437, 0.078, 0.236]
  Max pairwise normalized dot product: 0.680

Specialized Matrix 73:
  [85, 72, 85, 42, 17, 50, 22, 45, 18, 28, 19]
  [34, 45, 45, 91, 90, 71, 4, 33, 14, 35, 12]
  [18, 41, 39, 20, 2, 18, 85, 83, 90, 18, 45]
  ICI: 0.2980
  ASI: 0.0009
  TVA: 0.5334
  H-score: 0.8492
  Item-wise Gini: [0.318, 0.119, 0.170, 0.307, 0.539, 0.252, 0.493, 0.216, 0.422, 0.135, 0.298]
  Max pairwise normalized dot product: 0.762

Specialized Matrix 74:
  [84, 78, 98, 36, 31, 20, 35, 37, 33, 50, 43]
  [45, 41, 16, 80, 74, 100, 36, 40, 7, 12, 48]
  [14, 2, 22, 20, 38, 32, 76, 99, 72, 23, 10]
  ICI: 0.3045
  ASI: 0.0050
  TVA: 0.5217
  H-score: 0.9267
  Item-wise Gini: [0.287, 0.400, 0.371, 0.269, 0.204, 0.346, 0.252, 0.298, 0.431, 0.262, 0.239]
  Max pairwise normalized dot product: 0.661

Specialized Matrix 75:
  [70, 72, 75, 9, 11, 20, 13, 25, 33, 14, 25]
  [6, 4, 38, 83, 78, 78, 2, 47, 3, 21, 25]
  [20, 22, 31, 24, 49, 30, 94, 94, 90, 20, 43]
  ICI: 0.3342
  ASI: 0.0041
  TVA: 0.5510
  H-score: 0.9679
  Item-wise Gini: [0.477, 0.497, 0.265, 0.445, 0.352, 0.313, 0.529, 0.204, 0.408, 0.083, 0.056]
  Max pairwise normalized dot product: 0.575

Specialized Matrix 76:
  [75, 87, 94, 10, 43, 9, 11, 23, 16, 2, 35]
  [35, 24, 20, 77, 94, 87, 12, 37, 32, 3, 37]
  [36, 39, 23, 22, 44, 41, 90, 86, 76, 39, 9]
  ICI: 0.3334
  ASI: 0.0048
  TVA: 0.5995
  H-score: 1.0290
  Item-wise Gini: [0.228, 0.314, 0.391, 0.405, 0.198, 0.381, 0.438, 0.246, 0.285, 0.543, 0.247]
  Max pairwise normalized dot product: 0.654

Specialized Matrix 77:
  [77, 81, 98, 36, 9, 11, 20, 40, 40, 20, 4]
  [17, 14, 24, 92, 91, 89, 41, 22, 41, 16, 45]
  [47, 24, 47, 4, 42, 20, 92, 96, 79, 40, 34]
  ICI: 0.3220
  ASI: 0.0016
  TVA: 0.5363
  H-score: 0.8904
  Item-wise Gini: [0.315, 0.403, 0.323, 0.431, 0.384, 0.425, 0.283, 0.288, 0.137, 0.188, 0.332]
  Max pairwise normalized dot product: 0.677

Specialized Matrix 78:
  [92, 80, 100, 40, 19, 50, 33, 25, 47, 36, 50]
  [46, 48, 21, 80, 99, 89, 43, 39, 16, 22, 14]
  [28, 31, 4, 6, 19, 23, 93, 100, 89, 14, 28]
  ICI: 0.3048
  ASI: 0.0056
  TVA: 0.5350
  H-score: 0.9526
  Item-wise Gini: [0.205, 0.150, 0.492, 0.394, 0.393, 0.255, 0.293, 0.356, 0.364, 0.149, 0.225]
  Max pairwise normalized dot product: 0.693

Specialized Matrix 79:
  [79, 90, 79, 10, 39, 31, 27, 5, 25, 22, 28]
  [35, 10, 17, 91, 71, 86, 21, 19, 18, 41, 39]
  [46, 38, 23, 49, 36, 36, 99, 90, 74, 29, 3]
  ICI: 0.3025
  ASI: 0.0006
  TVA: 0.5410
  H-score: 0.8562
  Item-wise Gini: [0.198, 0.408, 0.363, 0.376, 0.189, 0.247, 0.318, 0.474, 0.282, 0.138, 0.345]
  Max pairwise normalized dot product: 0.635

Specialized Matrix 80:
  [85, 86, 72, 35, 14, 22, 37, 26, 12, 13, 20]
  [40, 7, 40, 76, 91, 92, 38, 11, 18, 10, 50]
  [24, 30, 27, 29, 24, 33, 85, 100, 71, 49, 20]
  ICI: 0.3147
  ASI: 0.0013
  TVA: 0.6287
  H-score: 0.9692
  Item-wise Gini: [0.304, 0.451, 0.249, 0.224, 0.387, 0.303, 0.181, 0.416, 0.366, 0.345, 0.224]
  Max pairwise normalized dot product: 0.603

Specialized Matrix 81:
  [80, 97, 91, 44, 22, 28, 40, 32, 21, 8, 44]
  [34, 41, 49, 99, 80, 84, 23, 43, 37, 23, 26]
  [37, 40, 20, 26, 8, 31, 93, 77, 72, 35, 41]
  ICI: 0.2579
  ASI: 0.0006
  TVA: 0.4906
  H-score: 0.7608
  Item-wise Gini: [0.212, 0.219, 0.294, 0.266, 0.421, 0.243, 0.319, 0.214, 0.278, 0.290, 0.117]
  Max pairwise normalized dot product: 0.730

Specialized Matrix 82:
  [95, 83, 76, 23, 49, 19, 33, 22, 50, 25, 23]
  [21, 2, 42, 79, 77, 89, 3, 6, 43, 26, 49]
  [13, 14, 21, 29, 49, 8, 95, 79, 70, 6, 8]
  ICI: 0.3363
  ASI: 0.0041
  TVA: 0.5518
  H-score: 0.9695
  Item-wise Gini: [0.386, 0.522, 0.218, 0.298, 0.130, 0.466, 0.498, 0.483, 0.142, 0.236, 0.342]
  Max pairwise normalized dot product: 0.587

Specialized Matrix 83:
  [87, 94, 74, 5, 18, 19, 43, 19, 38, 15, 42]
  [36, 10, 1, 78, 74, 99, 49, 23, 2, 46, 41]
  [49, 47, 28, 4, 25, 2, 90, 81, 70, 24, 27]
  ICI: 0.3382
  ASI: 0.0002
  TVA: 0.5541
  H-score: 0.8955
  Item-wise Gini: [0.199, 0.370, 0.471, 0.565, 0.316, 0.537, 0.176, 0.340, 0.415, 0.240, 0.088]
  Max pairwise normalized dot product: 0.756

Specialized Matrix 84:
  [96, 98, 91, 25, 31, 31, 17, 34, 22, 23, 23]
  [49, 44, 6, 82, 82, 72, 28, 37, 8, 45, 17]
  [23, 47, 14, 31, 33, 31, 98, 78, 78, 32, 13]
  ICI: 0.2711
  ASI: 0.0000
  TVA: 0.5593
  H-score: 0.8309
  Item-wise Gini: [0.282, 0.180, 0.506, 0.284, 0.242, 0.214, 0.380, 0.201, 0.433, 0.156, 0.119]
  Max pairwise normalized dot product: 0.662

Specialized Matrix 85:
  [72, 87, 95, 20, 20, 31, 36, 2, 19, 47, 31]
  [2, 32, 35, 73, 89, 81, 28, 36, 25, 38, 7]
  [47, 34, 27, 50, 48, 30, 74, 70, 73, 50, 31]
  ICI: 0.2668
  ASI: 0.0073
  TVA: 0.4271
  H-score: 0.8399
  Item-wise Gini: [0.407, 0.258, 0.310, 0.266, 0.313, 0.274, 0.181, 0.391, 0.272, 0.040, 0.244]
  Max pairwise normalized dot product: 0.762

Specialized Matrix 86:
  [91, 84, 83, 28, 5, 17, 24, 44, 21, 47, 28]
  [48, 24, 48, 95, 94, 82, 20, 1, 24, 19, 39]
  [5, 13, 33, 50, 43, 27, 84, 85, 85, 44, 32]
  ICI: 0.3044
  ASI: 0.0004
  TVA: 0.4957
  H-score: 0.8089
  Item-wise Gini: [0.406, 0.401, 0.216, 0.252, 0.418, 0.339, 0.327, 0.422, 0.318, 0.180, 0.065]
  Max pairwise normalized dot product: 0.600

Specialized Matrix 87:
  [87, 81, 99, 49, 37, 17, 30, 46, 40, 8, 8]
  [40, 6, 27, 84, 80, 93, 31, 4, 49, 4, 27]
  [39, 25, 2, 15, 48, 47, 83, 87, 96, 21, 25]
  ICI: 0.3052
  ASI: 0.0007
  TVA: 0.5046
  H-score: 0.8237
  Item-wise Gini: [0.181, 0.436, 0.491, 0.332, 0.201, 0.344, 0.246, 0.405, 0.202, 0.334, 0.233]
  Max pairwise normalized dot product: 0.652

Specialized Matrix 88:
  [72, 82, 70, 43, 45, 31, 31, 9, 11, 33, 25]
  [33, 23, 1, 87, 78, 90, 27, 16, 11, 8, 5]
  [48, 42, 29, 42, 46, 11, 78, 73, 86, 26, 24]
  ICI: 0.2950
  ASI: 0.0092
  TVA: 0.4987
  H-score: 0.9777
  Item-wise Gini: [0.141, 0.247, 0.472, 0.239, 0.193, 0.439, 0.195, 0.402, 0.435, 0.238, 0.242]
  Max pairwise normalized dot product: 0.699

Specialized Matrix 89:
  [94, 84, 81, 45, 21, 49, 39, 44, 25, 38, 48]
  [41, 7, 39, 94, 86, 96, 15, 28, 40, 34, 35]
  [41, 41, 27, 1, 34, 34, 72, 86, 90, 6, 46]
  ICI: 0.2711
  ASI: 0.0025
  TVA: 0.4417
  H-score: 0.7620
  Item-wise Gini: [0.173, 0.362, 0.209, 0.456, 0.315, 0.224, 0.326, 0.268, 0.310, 0.249, 0.076]
  Max pairwise normalized dot product: 0.723

Specialized Matrix 90:
  [91, 71, 72, 41, 46, 38, 38, 29, 40, 39, 45]
  [5, 14, 33, 96, 100, 71, 41, 9, 28, 37, 49]
  [21, 26, 46, 46, 27, 29, 99, 94, 85, 44, 25]
  ICI: 0.2517
  ASI: 0.0071
  TVA: 0.4811
  H-score: 0.8756
  Item-wise Gini: [0.482, 0.324, 0.147, 0.231, 0.308, 0.231, 0.225, 0.422, 0.229, 0.030, 0.161]
  Max pairwise normalized dot product: 0.724

Specialized Matrix 91:
  [81, 97, 84, 33, 18, 15, 46, 1, 12, 39, 39]
  [26, 34, 47, 94, 84, 87, 4, 35, 31, 16, 8]
  [21, 47, 6, 9, 14, 7, 84, 98, 86, 27, 33]
  ICI: 0.3586
  ASI: 0.0007
  TVA: 0.5540
  H-score: 0.9261
  Item-wise Gini: [0.301, 0.232, 0.376, 0.411, 0.392, 0.483, 0.410, 0.493, 0.396, 0.183, 0.251]
  Max pairwise normalized dot product: 0.560

Specialized Matrix 92:
  [96, 83, 76, 38, 3, 8, 38, 37, 21, 20, 42]
  [29, 5, 35, 91, 98, 88, 17, 32, 39, 38, 38]
  [31, 48, 47, 15, 35, 14, 90, 100, 75, 7, 24]
  ICI: 0.3134
  ASI: 0.0004
  TVA: 0.5276
  H-score: 0.8486
  Item-wise Gini: [0.306, 0.393, 0.194, 0.337, 0.457, 0.473, 0.337, 0.274, 0.263, 0.303, 0.129]
  Max pairwise normalized dot product: 0.703

Specialized Matrix 93:
  [91, 89, 84, 28, 48, 29, 23, 4, 19, 30, 33]
  [3, 46, 9, 78, 80, 97, 47, 39, 36, 15, 12]
  [21, 22, 46, 42, 6, 13, 95, 94, 70, 4, 7]
  ICI: 0.3490
  ASI: 0.0021
  TVA: 0.5436
  H-score: 0.9337
  Item-wise Gini: [0.497, 0.264, 0.342, 0.224, 0.368, 0.396, 0.316, 0.454, 0.298, 0.339, 0.313]
  Max pairwise normalized dot product: 0.604

Specialized Matrix 94:
  [78, 98, 78, 37, 14, 31, 5, 45, 43, 48, 42]
  [42, 20, 36, 74, 95, 95, 5, 44, 33, 10, 11]
  [41, 33, 5, 11, 37, 40, 89, 70, 80, 43, 4]
  ICI: 0.3135
  ASI: 0.0015
  TVA: 0.5417
  H-score: 0.8857
  Item-wise Gini: [0.121, 0.319, 0.389, 0.353, 0.378, 0.274, 0.574, 0.135, 0.213, 0.234, 0.424]
  Max pairwise normalized dot product: 0.622

Specialized Matrix 95:
  [81, 85, 76, 49, 10, 25, 20, 38, 9, 32, 29]
  [36, 40, 33, 94, 77, 93, 6, 31, 37, 20, 42]
  [15, 15, 9, 35, 11, 38, 94, 86, 73, 22, 7]
  ICI: 0.3185
  ASI: 0.0029
  TVA: 0.5490
  H-score: 0.9253
  Item-wise Gini: [0.329, 0.331, 0.380, 0.173, 0.430, 0.257, 0.510, 0.283, 0.392, 0.127, 0.266]
  Max pairwise normalized dot product: 0.688

Specialized Matrix 96:
  [87, 81, 94, 12, 39, 30, 48, 9, 3, 20, 25]
  [47, 13, 4, 82, 82, 93, 21, 48, 47, 3, 23]
  [32, 9, 27, 25, 2, 1, 91, 78, 80, 8, 36]
  ICI: 0.3621
  ASI: 0.0010
  TVA: 0.5531
  H-score: 0.9348
  Item-wise Gini: [0.197, 0.453, 0.466, 0.374, 0.426, 0.489, 0.325, 0.371, 0.423, 0.355, 0.144]
  Max pairwise normalized dot product: 0.527

Specialized Matrix 97:
  [74, 94, 95, 25, 27, 37, 11, 23, 32, 12, 29]
  [9, 49, 26, 93, 89, 80, 7, 14, 14, 18, 34]
  [42, 47, 2, 24, 44, 28, 74, 75, 90, 43, 10]
  ICI: 0.3237
  ASI: 0.0016
  TVA: 0.5754
  H-score: 0.9314
  Item-wise Gini: [0.347, 0.171, 0.499, 0.344, 0.275, 0.260, 0.474, 0.347, 0.358, 0.269, 0.236]
  Max pairwise normalized dot product: 0.616

Specialized Matrix 98:
  [95, 82, 80, 3, 40, 4, 47, 33, 29, 5, 25]
  [44, 44, 20, 95, 82, 98, 48, 4, 37, 6, 50]
  [29, 13, 23, 6, 34, 12, 90, 98, 85, 39, 35]
  ICI: 0.3394
  ASI: 0.0009
  TVA: 0.6255
  H-score: 0.9829
  Item-wise Gini: [0.281, 0.353, 0.355, 0.578, 0.171, 0.534, 0.176, 0.463, 0.246, 0.455, 0.113]
  Max pairwise normalized dot product: 0.612

Specialized Matrix 99:
  [85, 78, 79, 46, 43, 50, 15, 46, 13, 19, 40]
  [5, 44, 50, 90, 87, 81, 7, 38, 32, 23, 35]
  [33, 43, 20, 19, 45, 43, 95, 84, 73, 18, 32]
  ICI: 0.2351
  ASI: 0.0009
  TVA: 0.4477
  H-score: 0.6997
  Item-wise Gini: [0.430, 0.136, 0.258, 0.312, 0.178, 0.153, 0.501, 0.178, 0.338, 0.062, 0.045]
  Max pairwise normalized dot product: 0.776

Specialized Matrix 100:
  [79, 88, 76, 39, 38, 13, 16, 29, 39, 18, 38]
  [17, 11, 37, 98, 99, 79, 20, 19, 18, 18, 25]
  [43, 24, 20, 32, 43, 45, 98, 91, 76, 7, 15]
  ICI: 0.2922
  ASI: 0.0014
  TVA: 0.5091
  H-score: 0.8299
  Item-wise Gini: [0.293, 0.414, 0.281, 0.284, 0.245, 0.340, 0.395, 0.326, 0.272, 0.191, 0.199]
  Max pairwise normalized dot product: 0.625

=== SPECIALIZED MATRIX SUMMARY ===
Total matrices: 100
Mean H-score: 0.8896
Standard deviation: 0.0846
