=== UNIFORM MATRIX ANALYSIS ===

Uniform Matrix 1:
  [20, 6, 87, 38, 31, 67, 75, 1, 34, 71, 33]
  [89, 40, 94, 71, 12, 50, 7, 67, 3, 62, 23]
  [95, 60, 15, 79, 63, 42, 69, 32, 3, 97, 33]
  ICI: 0.2598
  ASI: 0.0007
  TVA: 0.2833
  H-score: 0.5567
  Item-wise Gini: [0.228, 0.309, 0.274, 0.104, 0.284, 0.156, 0.338, 0.456, 0.540, 0.069, 0.104]
  Max pairwise normalized dot product: 0.795

Uniform Matrix 2:
  [90, 71, 6, 58, 84, 82, 66, 62, 61, 1, 39]
  [20, 8, 60, 94, 45, 78, 45, 40, 34, 42, 76]
  [7, 19, 70, 89, 87, 63, 95, 61, 66, 78, 70]
  ICI: 0.2221
  ASI: 0.0008
  TVA: 0.2479
  H-score: 0.4860
  Item-wise Gini: [0.470, 0.426, 0.307, 0.135, 0.102, 0.099, 0.106, 0.067, 0.093, 0.383, 0.170]
  Max pairwise normalized dot product: 0.935

Uniform Matrix 3:
  [45, 84, 91, 94, 55, 36, 80, 19, 75, 99, 38]
  [84, 91, 63, 27, 93, 76, 8, 5, 45, 99, 97]
  [51, 42, 5, 89, 27, 71, 42, 90, 34, 38, 86]
  ICI: 0.2418
  ASI: 0.0010
  TVA: 0.2802
  H-score: 0.5421
  Item-wise Gini: [0.144, 0.122, 0.347, 0.237, 0.227, 0.172, 0.340, 0.523, 0.133, 0.149, 0.187]
  Max pairwise normalized dot product: 0.821

Uniform Matrix 4:
  [24, 71, 26, 50, 68, 14, 6, 52, 7, 98, 77]
  [53, 93, 80, 75, 39, 75, 2, 91, 2, 34, 24]
  [85, 59, 14, 50, 43, 34, 85, 95, 64, 63, 8]
  ICI: 0.2906
  ASI: 0.0017
  TVA: 0.4948
  H-score: 0.8190
  Item-wise Gini: [0.219, 0.107, 0.361, 0.103, 0.166, 0.318, 0.585, 0.086, 0.553, 0.255, 0.450]
  Max pairwise normalized dot product: 0.759

Uniform Matrix 5:
  [4, 59, 1, 17, 52, 84, 11, 30, 51, 54, 63]
  [78, 94, 77, 14, 5, 89, 99, 33, 29, 79, 72]
  [97, 96, 76, 81, 45, 78, 51, 15, 22, 56, 21]
  ICI: 0.2294
  ASI: 0.0021
  TVA: 0.2394
  H-score: 0.5101
  Item-wise Gini: [0.342, 0.019, 0.329, 0.376, 0.382, 0.110, 0.321, 0.218, 0.288, 0.078, 0.266]
  Max pairwise normalized dot product: 0.876

Uniform Matrix 6:
  [86, 1, 5, 70, 60, 10, 39, 49, 85, 23, 45]
  [15, 86, 30, 50, 59, 23, 41, 12, 63, 80, 16]
  [67, 74, 90, 47, 86, 76, 53, 83, 3, 99, 69]
  ICI: 0.2685
  ASI: 0.0067
  TVA: 0.3407
  H-score: 0.7439
  Item-wise Gini: [0.330, 0.423, 0.377, 0.179, 0.021, 0.314, 0.043, 0.238, 0.370, 0.228, 0.185]
  Max pairwise normalized dot product: 0.794

Uniform Matrix 7:
  [68, 57, 58, 53, 27, 80, 44, 29, 97, 78, 55]
  [88, 7, 48, 85, 41, 84, 87, 80, 100, 33, 18]
  [91, 93, 28, 61, 41, 38, 35, 92, 66, 70, 8]
  ICI: 0.1798
  ASI: 0.0015
  TVA: 0.2139
  H-score: 0.4241
  Item-wise Gini: [0.071, 0.373, 0.145, 0.097, 0.095, 0.138, 0.193, 0.220, 0.073, 0.169, 0.386]
  Max pairwise normalized dot product: 0.875

Uniform Matrix 8:
  [4, 15, 90, 38, 74, 84, 84, 51, 28, 33, 43]
  [84, 96, 81, 1, 78, 66, 59, 78, 62, 11, 10]
  [82, 18, 26, 86, 77, 11, 46, 43, 40, 67, 40]
  ICI: 0.2485
  ASI: 0.0002
  TVA: 0.2998
  H-score: 0.5530
  Item-wise Gini: [0.330, 0.391, 0.227, 0.457, 0.031, 0.318, 0.137, 0.099, 0.141, 0.352, 0.248]
  Max pairwise normalized dot product: 0.779

Uniform Matrix 9:
  [49, 98, 18, 46, 17, 8, 84, 22, 31, 69, 87]
  [79, 75, 60, 25, 70, 22, 65, 17, 57, 63, 13]
  [89, 16, 93, 62, 65, 24, 79, 13, 8, 77, 8]
  ICI: 0.2149
  ASI: 0.0025
  TVA: 0.2556
  H-score: 0.5199
  Item-wise Gini: [0.122, 0.294, 0.294, 0.188, 0.227, 0.198, 0.062, 0.118, 0.335, 0.049, 0.490]
  Max pairwise normalized dot product: 0.877

Uniform Matrix 10:
  [44, 22, 82, 28, 17, 57, 46, 12, 45, 68, 32]
  [51, 82, 27, 28, 37, 97, 89, 76, 14, 1, 82]
  [66, 37, 30, 85, 34, 9, 55, 19, 92, 91, 91]
  ICI: 0.2619
  ASI: 0.0005
  TVA: 0.4153
  H-score: 0.6879
  Item-wise Gini: [0.048, 0.245, 0.325, 0.245, 0.110, 0.329, 0.120, 0.368, 0.309, 0.328, 0.146]
  Max pairwise normalized dot product: 0.804

Uniform Matrix 11:
  [54, 30, 20, 94, 77, 73, 99, 79, 69, 14, 5]
  [40, 38, 94, 96, 48, 60, 83, 29, 1, 65, 10]
  [24, 38, 29, 14, 59, 57, 35, 71, 49, 94, 14]
  ICI: 0.2066
  ASI: 0.0002
  TVA: 0.2300
  H-score: 0.4410
  Item-wise Gini: [0.123, 0.102, 0.345, 0.267, 0.081, 0.024, 0.156, 0.194, 0.342, 0.344, 0.253]
  Max pairwise normalized dot product: 0.804

Uniform Matrix 12:
  [65, 25, 93, 93, 4, 22, 15, 60, 43, 10, 64]
  [65, 19, 50, 57, 10, 20, 17, 59, 36, 35, 16]
  [13, 12, 53, 40, 3, 16, 83, 83, 59, 80, 19]
  ICI: 0.2140
  ASI: 0.0016
  TVA: 0.3961
  H-score: 0.6429
  Item-wise Gini: [0.286, 0.130, 0.113, 0.160, 0.320, 0.088, 0.392, 0.086, 0.088, 0.359, 0.277]
  Max pairwise normalized dot product: 0.919

Uniform Matrix 13:
  [48, 25, 4, 76, 45, 36, 40, 83, 31, 38, 62]
  [85, 62, 13, 7, 46, 94, 7, 72, 3, 88, 49]
  [67, 17, 100, 9, 84, 73, 40, 64, 27, 17, 4]
  ICI: 0.2802
  ASI: 0.0035
  TVA: 0.3887
  H-score: 0.7387
  Item-wise Gini: [0.107, 0.276, 0.549, 0.508, 0.153, 0.176, 0.262, 0.065, 0.313, 0.319, 0.348]
  Max pairwise normalized dot product: 0.769

Uniform Matrix 14:
  [56, 51, 15, 74, 7, 100, 52, 52, 60, 29, 67]
  [39, 18, 89, 42, 60, 21, 45, 40, 18, 35, 4]
  [96, 57, 61, 45, 91, 49, 72, 58, 57, 11, 92]
  ICI: 0.2244
  ASI: 0.0022
  TVA: 0.2685
  H-score: 0.5373
  Item-wise Gini: [0.089, 0.144, 0.382, 0.147, 0.306, 0.281, 0.037, 0.032, 0.180, 0.302, 0.315]
  Max pairwise normalized dot product: 0.827

Uniform Matrix 15:
  [90, 34, 77, 94, 41, 28, 16, 67, 24, 70, 33]
  [26, 50, 93, 34, 44, 91, 41, 98, 59, 47, 41]
  [26, 88, 86, 10, 64, 68, 100, 33, 83, 12, 43]
  ICI: 0.2231
  ASI: 0.0012
  TVA: 0.3629
  H-score: 0.6109
  Item-wise Gini: [0.319, 0.199, 0.023, 0.419, 0.092, 0.212, 0.351, 0.210, 0.230, 0.315, 0.044]
  Max pairwise normalized dot product: 0.856

Uniform Matrix 16:
  [100, 23, 29, 72, 47, 10, 76, 6, 73, 83, 38]
  [67, 36, 64, 41, 56, 100, 17, 75, 37, 39, 75]
  [53, 35, 33, 40, 50, 49, 82, 56, 95, 70, 66]
  ICI: 0.1853
  ASI: 0.0044
  TVA: 0.2477
  H-score: 0.5218
  Item-wise Gini: [0.170, 0.077, 0.169, 0.168, 0.033, 0.376, 0.245, 0.337, 0.175, 0.174, 0.124]
  Max pairwise normalized dot product: 0.886

Uniform Matrix 17:
  [22, 28, 5, 24, 1, 53, 63, 33, 36, 37, 16]
  [97, 11, 85, 48, 30, 88, 97, 79, 68, 76, 12]
  [85, 44, 86, 44, 96, 36, 5, 50, 51, 37, 32]
  ICI: 0.2494
  ASI: 0.0012
  TVA: 0.3317
  H-score: 0.6041
  Item-wise Gini: [0.150, 0.265, 0.312, 0.025, 0.513, 0.192, 0.363, 0.057, 0.051, 0.117, 0.210]
  Max pairwise normalized dot product: 0.876

Uniform Matrix 18:
  [44, 68, 10, 26, 23, 79, 29, 65, 64, 90, 67]
  [18, 68, 86, 44, 83, 88, 82, 30, 83, 21, 8]
  [90, 85, 80, 51, 13, 66, 28, 67, 12, 13, 32]
  ICI: 0.2489
  ASI: 0.0007
  TVA: 0.3580
  H-score: 0.6203
  Item-wise Gini: [0.335, 0.080, 0.285, 0.153, 0.371, 0.035, 0.232, 0.175, 0.279, 0.413, 0.368]
  Max pairwise normalized dot product: 0.747

Uniform Matrix 19:
  [27, 90, 86, 6, 35, 34, 24, 76, 42, 24, 76]
  [87, 49, 84, 67, 50, 4, 59, 1, 9, 51, 64]
  [83, 61, 69, 48, 90, 47, 6, 1, 66, 15, 56]
  ICI: 0.2698
  ASI: 0.0000
  TVA: 0.3661
  H-score: 0.6362
  Item-wise Gini: [0.205, 0.140, 0.056, 0.340, 0.200, 0.330, 0.398, 0.642, 0.318, 0.271, 0.077]
  Max pairwise normalized dot product: 0.834

Uniform Matrix 20:
  [18, 42, 19, 31, 3, 25, 84, 88, 18, 39, 79]
  [61, 55, 5, 41, 72, 79, 11, 37, 40, 2, 50]
  [63, 38, 28, 15, 92, 84, 69, 39, 9, 90, 34]
  ICI: 0.2544
  ASI: 0.0007
  TVA: 0.3027
  H-score: 0.5706
  Item-wise Gini: [0.219, 0.126, 0.250, 0.228, 0.318, 0.208, 0.326, 0.244, 0.333, 0.412, 0.223]
  Max pairwise normalized dot product: 0.789

Uniform Matrix 21:
  [33, 10, 98, 29, 33, 91, 98, 43, 87, 46, 12]
  [99, 33, 51, 12, 53, 33, 2, 76, 86, 35, 46]
  [24, 71, 31, 33, 10, 6, 47, 63, 32, 21, 31]
  ICI: 0.2729
  ASI: 0.0002
  TVA: 0.3714
  H-score: 0.6475
  Item-wise Gini: [0.282, 0.429, 0.162, 0.274, 0.266, 0.397, 0.367, 0.165, 0.128, 0.074, 0.232]
  Max pairwise normalized dot product: 0.729

Uniform Matrix 22:
  [68, 17, 55, 8, 86, 98, 97, 8, 39, 48, 58]
  [48, 19, 86, 42, 25, 13, 47, 67, 1, 74, 78]
  [42, 8, 19, 85, 53, 74, 30, 64, 46, 59, 60]
  ICI: 0.2311
  ASI: 0.0016
  TVA: 0.2764
  H-score: 0.5398
  Item-wise Gini: [0.090, 0.188, 0.302, 0.375, 0.220, 0.286, 0.234, 0.301, 0.360, 0.129, 0.102]
  Max pairwise normalized dot product: 0.779

Uniform Matrix 23:
  [9, 48, 29, 67, 80, 2, 64, 62, 91, 84, 25]
  [67, 72, 82, 65, 3, 73, 97, 2, 73, 41, 21]
  [54, 86, 38, 8, 68, 87, 56, 40, 41, 50, 76]
  ICI: 0.2514
  ASI: 0.0018
  TVA: 0.2912
  H-score: 0.5796
  Item-wise Gini: [0.295, 0.109, 0.227, 0.293, 0.352, 0.347, 0.126, 0.397, 0.178, 0.179, 0.294]
  Max pairwise normalized dot product: 0.790

Uniform Matrix 24:
  [38, 26, 78, 79, 45, 14, 22, 33, 43, 3, 60]
  [14, 43, 65, 35, 29, 6, 72, 49, 5, 91, 95]
  [75, 10, 20, 59, 58, 87, 1, 42, 28, 11, 68]
  ICI: 0.2943
  ASI: 0.0006
  TVA: 0.4292
  H-score: 0.7358
  Item-wise Gini: [0.326, 0.255, 0.254, 0.194, 0.160, 0.508, 0.481, 0.057, 0.347, 0.548, 0.074]
  Max pairwise normalized dot product: 0.774

Uniform Matrix 25:
  [84, 15, 28, 26, 74, 19, 13, 87, 48, 96, 37]
  [95, 30, 35, 21, 33, 28, 6, 24, 88, 96, 47]
  [87, 19, 56, 12, 3, 45, 21, 33, 3, 50, 46]
  ICI: 0.2041
  ASI: 0.0005
  TVA: 0.3116
  H-score: 0.5257
  Item-wise Gini: [0.083, 0.150, 0.236, 0.094, 0.412, 0.264, 0.317, 0.260, 0.406, 0.076, 0.122]
  Max pairwise normalized dot product: 0.885

Uniform Matrix 26:
  [92, 6, 67, 65, 22, 95, 37, 52, 72, 87, 73]
  [51, 52, 87, 28, 31, 90, 66, 48, 15, 93, 86]
  [80, 91, 28, 21, 89, 19, 13, 28, 83, 26, 48]
  ICI: 0.2341
  ASI: 0.0017
  TVA: 0.2661
  H-score: 0.5348
  Item-wise Gini: [0.132, 0.417, 0.188, 0.212, 0.363, 0.223, 0.283, 0.080, 0.311, 0.194, 0.083]
  Max pairwise normalized dot product: 0.895

Uniform Matrix 27:
  [35, 67, 89, 58, 46, 48, 9, 61, 58, 93, 1]
  [95, 83, 15, 10, 37, 3, 3, 45, 28, 48, 29]
  [48, 99, 25, 65, 18, 98, 6, 11, 32, 53, 56]
  ICI: 0.2578
  ASI: 0.0036
  TVA: 0.3768
  H-score: 0.7071
  Item-wise Gini: [0.300, 0.116, 0.326, 0.266, 0.185, 0.432, 0.158, 0.253, 0.113, 0.104, 0.389]
  Max pairwise normalized dot product: 0.770

Uniform Matrix 28:
  [35, 98, 94, 27, 40, 39, 97, 24, 93, 53, 82]
  [53, 62, 42, 78, 75, 25, 59, 64, 54, 78, 3]
  [81, 99, 28, 41, 93, 25, 87, 80, 27, 25, 24]
  ICI: 0.2129
  ASI: 0.0010
  TVA: 0.3351
  H-score: 0.5675
  Item-wise Gini: [0.199, 0.094, 0.241, 0.257, 0.185, 0.077, 0.075, 0.233, 0.226, 0.241, 0.466]
  Max pairwise normalized dot product: 0.892

Uniform Matrix 29:
  [24, 18, 80, 71, 7, 4, 1, 10, 5, 7, 79]
  [47, 90, 21, 70, 89, 74, 21, 91, 43, 58, 62]
  [44, 98, 26, 1, 18, 85, 30, 17, 36, 73, 86]
  ICI: 0.3056
  ASI: 0.0183
  TVA: 0.3022
  H-score: 0.9733
  Item-wise Gini: [0.043, 0.229, 0.446, 0.452, 0.386, 0.351, 0.394, 0.342, 0.237, 0.315, 0.212]
  Max pairwise normalized dot product: 0.808

Uniform Matrix 30:
  [83, 65, 80, 94, 95, 64, 53, 35, 4, 57, 43]
  [38, 34, 37, 20, 58, 17, 82, 58, 89, 88, 63]
  [72, 38, 11, 60, 51, 97, 71, 9, 11, 77, 39]
  ICI: 0.2323
  ASI: 0.0016
  TVA: 0.3660
  H-score: 0.6297
  Item-wise Gini: [0.143, 0.113, 0.323, 0.246, 0.091, 0.332, 0.117, 0.327, 0.546, 0.116, 0.120]
  Max pairwise normalized dot product: 0.877

Uniform Matrix 31:
  [65, 65, 72, 42, 37, 26, 80, 56, 87, 14, 83]
  [25, 42, 18, 15, 3, 96, 91, 1, 67, 79, 92]
  [100, 69, 18, 36, 50, 39, 72, 56, 63, 67, 94]
  ICI: 0.2072
  ASI: 0.0087
  TVA: 0.2435
  H-score: 0.6246
  Item-wise Gini: [0.228, 0.057, 0.332, 0.172, 0.332, 0.331, 0.104, 0.332, 0.081, 0.311, 0.062]
  Max pairwise normalized dot product: 0.909

Uniform Matrix 32:
  [47, 33, 4, 51, 78, 64, 53, 21, 54, 87, 58]
  [51, 68, 35, 30, 9, 7, 22, 9, 78, 12, 53]
  [24, 71, 74, 53, 3, 50, 88, 60, 92, 31, 49]
  ICI: 0.2613
  ASI: 0.0041
  TVA: 0.3381
  H-score: 0.6814
  Item-wise Gini: [0.244, 0.225, 0.347, 0.032, 0.533, 0.297, 0.196, 0.314, 0.159, 0.347, 0.120]
  Max pairwise normalized dot product: 0.845

Uniform Matrix 33:
  [60, 6, 67, 92, 67, 43, 64, 60, 89, 36, 77]
  [60, 20, 19, 43, 51, 51, 82, 46, 100, 87, 47]
  [29, 49, 25, 88, 63, 63, 83, 50, 72, 33, 10]
  ICI: 0.1682
  ASI: 0.0005
  TVA: 0.2524
  H-score: 0.4311
  Item-wise Gini: [0.132, 0.402, 0.264, 0.154, 0.061, 0.119, 0.088, 0.039, 0.059, 0.232, 0.311]
  Max pairwise normalized dot product: 0.893

Uniform Matrix 34:
  [74, 73, 53, 94, 32, 14, 47, 70, 31, 83, 60]
  [39, 97, 44, 29, 83, 95, 87, 31, 10, 84, 32]
  [63, 21, 80, 55, 29, 71, 50, 8, 64, 56, 43]
  ICI: 0.2196
  ASI: 0.0007
  TVA: 0.3463
  H-score: 0.5806
  Item-wise Gini: [0.125, 0.248, 0.173, 0.231, 0.228, 0.281, 0.139, 0.366, 0.373, 0.053, 0.131]
  Max pairwise normalized dot product: 0.815

Uniform Matrix 35:
  [45, 25, 94, 6, 52, 26, 48, 100, 48, 14, 74]
  [66, 84, 72, 97, 24, 23, 24, 1, 37, 89, 66]
  [60, 83, 4, 48, 13, 89, 38, 2, 7, 5, 59]
  ICI: 0.3004
  ASI: 0.0042
  TVA: 0.4051
  H-score: 0.7895
  Item-wise Gini: [0.121, 0.264, 0.359, 0.350, 0.257, 0.389, 0.154, 0.638, 0.285, 0.489, 0.053]
  Max pairwise normalized dot product: 0.726

Uniform Matrix 36:
  [8, 31, 97, 49, 51, 8, 63, 57, 86, 90, 9]
  [18, 22, 26, 58, 95, 95, 68, 79, 42, 44, 44]
  [50, 84, 86, 7, 89, 52, 36, 33, 78, 59, 82]
  ICI: 0.2423
  ASI: 0.0024
  TVA: 0.3007
  H-score: 0.5919
  Item-wise Gini: [0.339, 0.273, 0.251, 0.294, 0.116, 0.383, 0.141, 0.193, 0.165, 0.182, 0.335]
  Max pairwise normalized dot product: 0.797

Uniform Matrix 37:
  [56, 70, 36, 3, 5, 98, 36, 59, 94, 21, 35]
  [34, 72, 100, 32, 15, 30, 68, 92, 82, 61, 35]
  [90, 60, 80, 69, 73, 59, 53, 80, 29, 1, 78]
  ICI: 0.2469
  ASI: 0.0043
  TVA: 0.3655
  H-score: 0.6985
  Item-wise Gini: [0.177, 0.092, 0.173, 0.403, 0.463, 0.291, 0.101, 0.058, 0.261, 0.459, 0.165]
  Max pairwise normalized dot product: 0.825

Uniform Matrix 38:
  [67, 86, 51, 85, 90, 98, 59, 82, 80, 76, 26]
  [35, 42, 77, 27, 48, 78, 35, 64, 14, 70, 84]
  [92, 17, 73, 50, 87, 57, 15, 84, 17, 82, 52]
  ICI: 0.1888
  ASI: 0.0031
  TVA: 0.2870
  H-score: 0.5381
  Item-wise Gini: [0.197, 0.258, 0.149, 0.169, 0.110, 0.086, 0.209, 0.061, 0.333, 0.069, 0.290]
  Max pairwise normalized dot product: 0.901

Uniform Matrix 39:
  [47, 14, 88, 8, 9, 87, 99, 28, 52, 1, 44]
  [91, 93, 76, 23, 77, 13, 21, 40, 53, 57, 48]
  [76, 26, 97, 33, 64, 89, 44, 91, 34, 55, 35]
  ICI: 0.2262
  ASI: 0.0069
  TVA: 0.2478
  H-score: 0.6113
  Item-wise Gini: [0.099, 0.375, 0.081, 0.215, 0.299, 0.312, 0.368, 0.206, 0.149, 0.342, 0.111]
  Max pairwise normalized dot product: 0.825

Uniform Matrix 40:
  [100, 63, 4, 13, 70, 5, 59, 66, 61, 5, 1]
  [19, 60, 78, 56, 66, 100, 96, 9, 73, 56, 40]
  [26, 80, 55, 46, 98, 50, 59, 72, 64, 24, 10]
  ICI: 0.2635
  ASI: 0.0080
  TVA: 0.3750
  H-score: 0.7988
  Item-wise Gini: [0.436, 0.088, 0.331, 0.195, 0.105, 0.379, 0.081, 0.313, 0.050, 0.360, 0.488]
  Max pairwise normalized dot product: 0.864

Uniform Matrix 41:
  [4, 28, 94, 47, 88, 5, 63, 70, 16, 33, 1]
  [91, 64, 58, 87, 68, 54, 32, 88, 64, 57, 92]
  [38, 38, 6, 86, 68, 4, 43, 70, 31, 80, 80]
  ICI: 0.2480
  ASI: 0.0155
  TVA: 0.3612
  H-score: 0.9186
  Item-wise Gini: [0.373, 0.069, 0.445, 0.094, 0.172, 0.475, 0.249, 0.065, 0.185, 0.166, 0.356]
  Max pairwise normalized dot product: 0.902

Uniform Matrix 42:
  [77, 7, 99, 37, 28, 90, 62, 69, 10, 30, 4]
  [48, 72, 39, 91, 47, 70, 39, 31, 85, 32, 32]
  [30, 94, 55, 5, 61, 91, 17, 84, 52, 21, 27]
  ICI: 0.2331
  ASI: 0.0057
  TVA: 0.2769
  H-score: 0.6240
  Item-wise Gini: [0.218, 0.345, 0.233, 0.411, 0.158, 0.080, 0.271, 0.201, 0.320, 0.085, 0.277]
  Max pairwise normalized dot product: 0.811

Uniform Matrix 43:
  [68, 42, 64, 83, 4, 26, 76, 26, 31, 47, 46]
  [24, 19, 25, 54, 25, 62, 27, 94, 32, 41, 63]
  [29, 40, 10, 81, 52, 19, 4, 6, 39, 12, 24]
  ICI: 0.2641
  ASI: 0.0041
  TVA: 0.3909
  H-score: 0.7376
  Item-wise Gini: [0.196, 0.230, 0.296, 0.175, 0.462, 0.225, 0.413, 0.449, 0.166, 0.164, 0.131]
  Max pairwise normalized dot product: 0.750

Uniform Matrix 44:
  [42, 5, 55, 86, 76, 31, 83, 100, 24, 49, 9]
  [69, 90, 22, 46, 46, 75, 27, 95, 65, 10, 68]
  [100, 73, 8, 13, 24, 52, 79, 34, 11, 61, 60]
  ICI: 0.2698
  ASI: 0.0015
  TVA: 0.3008
  H-score: 0.6007
  Item-wise Gini: [0.208, 0.309, 0.368, 0.337, 0.231, 0.160, 0.211, 0.188, 0.332, 0.306, 0.275]
  Max pairwise normalized dot product: 0.799

Uniform Matrix 45:
  [36, 46, 93, 91, 95, 56, 4, 59, 19, 39, 26]
  [35, 79, 22, 88, 78, 6, 63, 10, 15, 53, 11]
  [63, 43, 35, 18, 42, 55, 58, 20, 96, 61, 76]
  ICI: 0.2609
  ASI: 0.0043
  TVA: 0.3665
  H-score: 0.7128
  Item-wise Gini: [0.126, 0.194, 0.284, 0.277, 0.154, 0.275, 0.351, 0.342, 0.387, 0.105, 0.360]
  Max pairwise normalized dot product: 0.782

Uniform Matrix 46:
  [9, 24, 24, 35, 22, 22, 85, 40, 44, 82, 68]
  [78, 18, 62, 62, 96, 56, 63, 81, 24, 78, 63]
  [89, 6, 43, 66, 44, 35, 62, 3, 95, 90, 83]
  ICI: 0.2053
  ASI: 0.0036
  TVA: 0.2935
  H-score: 0.5718
  Item-wise Gini: [0.298, 0.322, 0.120, 0.073, 0.237, 0.121, 0.165, 0.359, 0.277, 0.099, 0.101]
  Max pairwise normalized dot product: 0.842

Uniform Matrix 47:
  [43, 7, 50, 76, 52, 97, 78, 62, 13, 94, 56]
  [30, 90, 95, 96, 54, 25, 97, 30, 83, 26, 88]
  [65, 47, 79, 83, 89, 72, 24, 59, 87, 92, 80]
  ICI: 0.1889
  ASI: 0.0029
  TVA: 0.1976
  H-score: 0.4450
  Item-wise Gini: [0.143, 0.387, 0.113, 0.051, 0.095, 0.282, 0.241, 0.174, 0.256, 0.248, 0.072]
  Max pairwise normalized dot product: 0.874

Uniform Matrix 48:
  [84, 55, 42, 39, 7, 69, 95, 93, 9, 10, 59]
  [75, 51, 45, 25, 16, 23, 33, 22, 11, 48, 43]
  [44, 77, 40, 53, 64, 1, 32, 50, 63, 55, 30]
  ICI: 0.2483
  ASI: 0.0023
  TVA: 0.4072
  H-score: 0.7012
  Item-wise Gini: [0.164, 0.094, 0.100, 0.113, 0.422, 0.439, 0.224, 0.228, 0.428, 0.281, 0.124]
  Max pairwise normalized dot product: 0.835

Uniform Matrix 49:
  [52, 9, 88, 92, 55, 51, 39, 98, 3, 80, 78]
  [21, 2, 95, 61, 67, 97, 19, 58, 66, 78, 56]
  [54, 63, 56, 67, 97, 13, 84, 87, 18, 80, 31]
  ICI: 0.2268
  ASI: 0.0002
  TVA: 0.3346
  H-score: 0.5663
  Item-wise Gini: [0.166, 0.547, 0.119, 0.086, 0.124, 0.356, 0.298, 0.103, 0.489, 0.005, 0.189]
  Max pairwise normalized dot product: 0.885

Uniform Matrix 50:
  [7, 87, 15, 71, 53, 41, 36, 19, 14, 58, 46]
  [78, 91, 46, 10, 82, 99, 20, 88, 24, 38, 22]
  [14, 30, 12, 35, 5, 18, 1, 85, 54, 38, 46]
  ICI: 0.2929
  ASI: 0.0017
  TVA: 0.3967
  H-score: 0.7234
  Item-wise Gini: [0.408, 0.162, 0.198, 0.339, 0.302, 0.241, 0.442, 0.316, 0.370, 0.144, 0.240]
  Max pairwise normalized dot product: 0.736

Uniform Matrix 51:
  [22, 52, 13, 81, 31, 40, 17, 3, 42, 24, 73]
  [59, 68, 63, 25, 61, 12, 20, 11, 16, 44, 49]
  [82, 89, 56, 52, 57, 94, 8, 4, 51, 3, 88]
  ICI: 0.2325
  ASI: 0.0005
  TVA: 0.2921
  H-score: 0.5343
  Item-wise Gini: [0.170, 0.043, 0.277, 0.276, 0.135, 0.306, 0.213, 0.314, 0.197, 0.387, 0.102]
  Max pairwise normalized dot product: 0.866

Uniform Matrix 52:
  [15, 43, 5, 85, 90, 45, 9, 11, 31, 51, 31]
  [96, 10, 6, 57, 65, 60, 17, 92, 76, 31, 95]
  [52, 45, 79, 74, 100, 76, 18, 89, 10, 56, 74]
  ICI: 0.2307
  ASI: 0.0042
  TVA: 0.2598
  H-score: 0.5751
  Item-wise Gini: [0.301, 0.310, 0.514, 0.180, 0.154, 0.029, 0.056, 0.270, 0.343, 0.185, 0.161]
  Max pairwise normalized dot product: 0.834

Uniform Matrix 53:
  [73, 52, 7, 10, 77, 37, 68, 73, 31, 43, 16]
  [89, 57, 59, 45, 25, 1, 46, 13, 18, 88, 81]
  [62, 44, 97, 41, 71, 58, 12, 59, 35, 63, 96]
  ICI: 0.2257
  ASI: 0.0028
  TVA: 0.2053
  H-score: 0.4861
  Item-wise Gini: [0.117, 0.094, 0.328, 0.256, 0.232, 0.351, 0.327, 0.312, 0.127, 0.151, 0.241]
  Max pairwise normalized dot product: 0.849

Uniform Matrix 54:
  [75, 43, 32, 87, 26, 74, 30, 4, 92, 99, 53]
  [84, 1, 82, 32, 46, 41, 11, 64, 35, 90, 98]
  [91, 76, 36, 39, 52, 50, 57, 78, 81, 34, 43]
  ICI: 0.2185
  ASI: 0.0040
  TVA: 0.3079
  H-score: 0.6070
  Item-wise Gini: [0.036, 0.411, 0.237, 0.224, 0.129, 0.124, 0.300, 0.324, 0.178, 0.195, 0.208]
  Max pairwise normalized dot product: 0.818

Uniform Matrix 55:
  [12, 59, 49, 77, 76, 37, 39, 28, 63, 9, 20]
  [76, 83, 62, 23, 73, 2, 6, 2, 35, 52, 100]
  [5, 52, 12, 47, 95, 71, 53, 91, 34, 45, 68]
  ICI: 0.2837
  ASI: 0.0025
  TVA: 0.3877
  H-score: 0.7210
  Item-wise Gini: [0.509, 0.125, 0.270, 0.274, 0.034, 0.387, 0.288, 0.464, 0.191, 0.275, 0.285]
  Max pairwise normalized dot product: 0.820

Uniform Matrix 56:
  [14, 49, 59, 29, 11, 52, 74, 99, 92, 13, 44]
  [48, 30, 28, 92, 94, 22, 21, 32, 18, 15, 67]
  [81, 51, 39, 74, 94, 34, 29, 28, 32, 97, 42]
  ICI: 0.2500
  ASI: 0.0017
  TVA: 0.4048
  H-score: 0.6887
  Item-wise Gini: [0.275, 0.075, 0.142, 0.255, 0.319, 0.166, 0.268, 0.307, 0.337, 0.420, 0.166]
  Max pairwise normalized dot product: 0.870

Uniform Matrix 57:
  [61, 10, 93, 64, 40, 47, 19, 50, 88, 3, 24]
  [68, 36, 100, 94, 79, 8, 71, 32, 48, 97, 27]
  [64, 89, 47, 70, 26, 22, 61, 14, 92, 50, 84]
  ICI: 0.2321
  ASI: 0.0017
  TVA: 0.3375
  H-score: 0.6026
  Item-wise Gini: [0.039, 0.378, 0.178, 0.051, 0.214, 0.386, 0.190, 0.302, 0.174, 0.402, 0.281]
  Max pairwise normalized dot product: 0.817

Uniform Matrix 58:
  [50, 17, 66, 15, 97, 16, 57, 7, 23, 47, 13]
  [42, 21, 89, 43, 76, 95, 57, 90, 85, 74, 45]
  [62, 100, 1, 58, 17, 31, 10, 22, 57, 47, 16]
  ICI: 0.2842
  ASI: 0.0086
  TVA: 0.4077
  H-score: 0.8637
  Item-wise Gini: [0.180, 0.450, 0.369, 0.287, 0.343, 0.253, 0.318, 0.371, 0.170, 0.024, 0.155]
  Max pairwise normalized dot product: 0.792

Uniform Matrix 59:
  [25, 43, 4, 100, 75, 43, 44, 9, 28, 40, 54]
  [5, 71, 50, 99, 12, 19, 5, 83, 58, 64, 60]
  [58, 83, 94, 1, 17, 39, 79, 79, 21, 1, 78]
  ICI: 0.2929
  ASI: 0.0002
  TVA: 0.3338
  H-score: 0.6315
  Item-wise Gini: [0.379, 0.103, 0.394, 0.351, 0.429, 0.188, 0.361, 0.288, 0.230, 0.381, 0.050]
  Max pairwise normalized dot product: 0.748

Uniform Matrix 60:
  [20, 63, 95, 8, 65, 30, 15, 60, 69, 80, 90]
  [42, 33, 79, 34, 69, 60, 13, 43, 55, 62, 100]
  [40, 73, 9, 19, 83, 92, 28, 98, 45, 93, 16]
  ICI: 0.1815
  ASI: 0.0017
  TVA: 0.2369
  H-score: 0.4523
  Item-wise Gini: [0.146, 0.156, 0.312, 0.286, 0.055, 0.226, 0.177, 0.180, 0.095, 0.086, 0.274]
  Max pairwise normalized dot product: 0.949

Uniform Matrix 61:
  [16, 18, 33, 16, 61, 61, 19, 92, 36, 96, 44]
  [48, 3, 21, 58, 57, 57, 31, 2, 29, 20, 1]
  [100, 31, 65, 16, 21, 56, 12, 72, 13, 32, 59]
  ICI: 0.2678
  ASI: 0.0008
  TVA: 0.3643
  H-score: 0.6483
  Item-wise Gini: [0.304, 0.336, 0.180, 0.397, 0.254, 0.091, 0.293, 0.350, 0.217, 0.276, 0.372]
  Max pairwise normalized dot product: 0.746

Uniform Matrix 62:
  [30, 67, 14, 21, 23, 98, 88, 19, 51, 72, 30]
  [26, 4, 82, 23, 79, 34, 97, 26, 73, 64, 1]
  [29, 17, 100, 30, 99, 77, 79, 13, 8, 50, 18]
  ICI: 0.2123
  ASI: 0.0006
  TVA: 0.2531
  H-score: 0.4778
  Item-wise Gini: [0.030, 0.478, 0.289, 0.078, 0.249, 0.204, 0.050, 0.154, 0.331, 0.081, 0.396]
  Max pairwise normalized dot product: 0.889

Uniform Matrix 63:
  [26, 83, 33, 35, 16, 17, 16, 40, 74, 24, 99]
  [9, 46, 95, 91, 78, 17, 87, 93, 14, 16, 7]
  [64, 87, 79, 12, 13, 24, 87, 89, 33, 64, 73]
  ICI: 0.2684
  ASI: 0.0022
  TVA: 0.3632
  H-score: 0.6765
  Item-wise Gini: [0.328, 0.159, 0.181, 0.374, 0.408, 0.048, 0.247, 0.137, 0.377, 0.267, 0.391]
  Max pairwise normalized dot product: 0.808

Uniform Matrix 64:
  [90, 88, 73, 49, 39, 60, 24, 48, 7, 29, 17]
  [24, 78, 16, 24, 7, 47, 84, 19, 32, 97, 94]
  [11, 45, 62, 75, 80, 72, 26, 79, 72, 97, 76]
  ICI: 0.2690
  ASI: 0.0053
  TVA: 0.3503
  H-score: 0.7248
  Item-wise Gini: [0.445, 0.180, 0.280, 0.167, 0.334, 0.053, 0.337, 0.213, 0.337, 0.228, 0.306]
  Max pairwise normalized dot product: 0.771

Uniform Matrix 65:
  [12, 41, 88, 99, 90, 42, 94, 54, 28, 15, 24]
  [9, 62, 63, 46, 1, 8, 75, 22, 8, 85, 12]
  [74, 35, 32, 66, 78, 28, 10, 7, 71, 91, 88]
  ICI: 0.3051
  ASI: 0.0043
  TVA: 0.4049
  H-score: 0.7951
  Item-wise Gini: [0.418, 0.227, 0.193, 0.091, 0.346, 0.243, 0.315, 0.332, 0.357, 0.320, 0.361]
  Max pairwise normalized dot product: 0.732

Uniform Matrix 66:
  [64, 15, 6, 10, 28, 94, 30, 34, 8, 17, 45]
  [82, 10, 94, 2, 52, 1, 10, 9, 49, 74, 52]
  [19, 93, 8, 5, 91, 79, 68, 19, 84, 82, 91]
  ICI: 0.3256
  ASI: 0.0035
  TVA: 0.4549
  H-score: 0.8508
  Item-wise Gini: [0.264, 0.387, 0.552, 0.389, 0.122, 0.450, 0.259, 0.345, 0.271, 0.234, 0.039]
  Max pairwise normalized dot product: 0.703

Uniform Matrix 67:
  [27, 75, 90, 73, 36, 20, 97, 23, 51, 37, 90]
  [59, 72, 14, 19, 83, 55, 82, 9, 23, 6, 74]
  [97, 18, 8, 36, 9, 69, 94, 56, 50, 26, 16]
  ICI: 0.2712
  ASI: 0.0024
  TVA: 0.3334
  H-score: 0.6525
  Item-wise Gini: [0.290, 0.236, 0.451, 0.229, 0.405, 0.259, 0.051, 0.382, 0.166, 0.252, 0.235]
  Max pairwise normalized dot product: 0.803

Uniform Matrix 68:
  [64, 99, 11, 26, 36, 93, 63, 38, 14, 5, 38]
  [27, 26, 4, 6, 32, 87, 35, 62, 26, 79, 58]
  [36, 3, 64, 64, 94, 56, 4, 100, 42, 40, 82]
  ICI: 0.3041
  ASI: 0.0005
  TVA: 0.4791
  H-score: 0.7938
  Item-wise Gini: [0.185, 0.494, 0.474, 0.362, 0.192, 0.139, 0.379, 0.159, 0.180, 0.436, 0.119]
  Max pairwise normalized dot product: 0.767

Uniform Matrix 69:
  [52, 24, 5, 91, 34, 92, 26, 6, 37, 81, 75]
  [31, 91, 90, 93, 3, 92, 88, 73, 52, 26, 39]
  [99, 49, 31, 46, 73, 99, 27, 23, 6, 27, 68]
  ICI: 0.2734
  ASI: 0.0015
  TVA: 0.4223
  H-score: 0.7247
  Item-wise Gini: [0.276, 0.218, 0.413, 0.152, 0.424, 0.061, 0.235, 0.398, 0.277, 0.320, 0.176]
  Max pairwise normalized dot product: 0.844

Uniform Matrix 70:
  [26, 7, 55, 31, 58, 41, 98, 95, 74, 63, 43]
  [61, 4, 86, 9, 46, 39, 21, 2, 88, 88, 3]
  [12, 91, 65, 97, 77, 21, 82, 22, 13, 28, 58]
  ICI: 0.3010
  ASI: 0.0058
  TVA: 0.3955
  H-score: 0.8126
  Item-wise Gini: [0.381, 0.557, 0.165, 0.413, 0.075, 0.173, 0.222, 0.510, 0.336, 0.278, 0.351]
  Max pairwise normalized dot product: 0.724

Uniform Matrix 71:
  [5, 12, 38, 60, 59, 12, 15, 55, 7, 27, 25]
  [19, 21, 20, 87, 65, 81, 69, 18, 79, 12, 32]
  [81, 16, 94, 55, 42, 82, 35, 3, 73, 42, 25]
  ICI: 0.2508
  ASI: 0.0008
  TVA: 0.3483
  H-score: 0.6146
  Item-wise Gini: [0.437, 0.077, 0.265, 0.130, 0.188, 0.235, 0.240, 0.522, 0.288, 0.221, 0.119]
  Max pairwise normalized dot product: 0.807

Uniform Matrix 72:
  [19, 43, 23, 22, 17, 24, 40, 73, 51, 46, 77]
  [23, 5, 44, 5, 72, 73, 100, 99, 59, 74, 13]
  [97, 52, 46, 32, 91, 21, 46, 79, 57, 64, 78]
  ICI: 0.2156
  ASI: 0.0041
  TVA: 0.2814
  H-score: 0.5789
  Item-wise Gini: [0.306, 0.323, 0.082, 0.259, 0.216, 0.300, 0.211, 0.080, 0.068, 0.068, 0.323]
  Max pairwise normalized dot product: 0.869

Uniform Matrix 73:
  [37, 52, 33, 12, 57, 48, 39, 25, 54, 89, 47]
  [13, 33, 77, 79, 37, 89, 96, 56, 36, 84, 10]
  [22, 22, 92, 61, 96, 55, 64, 3, 68, 54, 69]
  ICI: 0.2190
  ASI: 0.0010
  TVA: 0.3107
  H-score: 0.5492
  Item-wise Gini: [0.270, 0.235, 0.164, 0.275, 0.195, 0.110, 0.153, 0.393, 0.126, 0.150, 0.288]
  Max pairwise normalized dot product: 0.852

Uniform Matrix 74:
  [83, 60, 90, 45, 8, 100, 53, 96, 13, 6, 76]
  [90, 26, 69, 95, 95, 73, 28, 33, 64, 81, 53]
  [60, 15, 20, 83, 38, 84, 29, 23, 10, 51, 89]
  ICI: 0.2393
  ASI: 0.0033
  TVA: 0.3806
  H-score: 0.6856
  Item-wise Gini: [0.022, 0.269, 0.245, 0.169, 0.364, 0.100, 0.164, 0.290, 0.359, 0.310, 0.183]
  Max pairwise normalized dot product: 0.882

Uniform Matrix 75:
  [72, 24, 100, 95, 74, 20, 63, 54, 55, 15, 67]
  [99, 29, 84, 35, 69, 81, 14, 65, 58, 95, 85]
  [34, 95, 61, 72, 23, 64, 45, 65, 5, 66, 76]
  ICI: 0.2045
  ASI: 0.0002
  TVA: 0.2178
  H-score: 0.4256
  Item-wise Gini: [0.179, 0.338, 0.099, 0.210, 0.207, 0.219, 0.274, 0.054, 0.296, 0.275, 0.039]
  Max pairwise normalized dot product: 0.827

Uniform Matrix 76:
  [92, 42, 15, 85, 93, 74, 87, 76, 81, 96, 35]
  [69, 40, 36, 24, 97, 50, 53, 98, 28, 30, 76]
  [82, 85, 91, 26, 76, 88, 95, 12, 9, 60, 48]
  ICI: 0.2105
  ASI: 0.0014
  TVA: 0.3473
  H-score: 0.5851
  Item-wise Gini: [0.014, 0.195, 0.361, 0.251, 0.082, 0.103, 0.104, 0.347, 0.369, 0.187, 0.223]
  Max pairwise normalized dot product: 0.866

Uniform Matrix 77:
  [16, 45, 12, 75, 15, 13, 68, 60, 14, 83, 16]
  [22, 49, 10, 29, 22, 38, 13, 53, 18, 67, 60]
  [1, 100, 29, 10, 9, 42, 83, 20, 15, 63, 77]
  ICI: 0.2221
  ASI: 0.0033
  TVA: 0.2976
  H-score: 0.5854
  Item-wise Gini: [0.376, 0.167, 0.214, 0.378, 0.221, 0.204, 0.263, 0.202, 0.081, 0.076, 0.242]
  Max pairwise normalized dot product: 0.815

Uniform Matrix 78:
  [91, 99, 100, 14, 91, 44, 70, 58, 70, 26, 7]
  [36, 24, 85, 13, 63, 17, 85, 83, 73, 92, 92]
  [21, 15, 25, 24, 74, 1, 83, 87, 26, 45, 88]
  ICI: 0.2302
  ASI: 0.0022
  TVA: 0.3085
  H-score: 0.5821
  Item-wise Gini: [0.266, 0.364, 0.199, 0.219, 0.098, 0.454, 0.108, 0.156, 0.142, 0.247, 0.343]
  Max pairwise normalized dot product: 0.913

Uniform Matrix 79:
  [77, 37, 11, 4, 89, 22, 54, 3, 46, 32, 49]
  [79, 24, 73, 76, 14, 48, 78, 65, 98, 83, 16]
  [23, 73, 9, 14, 7, 8, 31, 86, 44, 49, 68]
  ICI: 0.3156
  ASI: 0.0046
  TVA: 0.4854
  H-score: 0.8935
  Item-wise Gini: [0.234, 0.311, 0.375, 0.446, 0.518, 0.249, 0.108, 0.427, 0.079, 0.107, 0.307]
  Max pairwise normalized dot product: 0.695

Uniform Matrix 80:
  [13, 57, 96, 10, 78, 1, 100, 100, 51, 62, 3]
  [1, 87, 3, 15, 1, 22, 100, 66, 93, 34, 28]
  [7, 99, 20, 78, 47, 13, 67, 72, 46, 15, 43]
  ICI: 0.2944
  ASI: 0.0034
  TVA: 0.4110
  H-score: 0.7739
  Item-wise Gini: [0.353, 0.130, 0.502, 0.444, 0.387, 0.412, 0.113, 0.048, 0.202, 0.246, 0.348]
  Max pairwise normalized dot product: 0.840

Uniform Matrix 81:
  [45, 70, 9, 31, 2, 78, 24, 91, 67, 59, 17]
  [100, 26, 7, 16, 85, 83, 2, 66, 95, 97, 50]
  [14, 63, 27, 42, 2, 32, 20, 27, 73, 25, 66]
  ICI: 0.2717
  ASI: 0.0001
  TVA: 0.3566
  H-score: 0.6308
  Item-wise Gini: [0.288, 0.232, 0.392, 0.279, 0.606, 0.137, 0.310, 0.215, 0.071, 0.179, 0.316]
  Max pairwise normalized dot product: 0.820

Uniform Matrix 82:
  [94, 30, 24, 25, 81, 25, 66, 35, 73, 57, 23]
  [27, 100, 67, 19, 62, 63, 11, 46, 33, 89, 34]
  [38, 11, 1, 2, 76, 84, 96, 95, 83, 58, 78]
  ICI: 0.2643
  ASI: 0.0006
  TVA: 0.3955
  H-score: 0.6714
  Item-wise Gini: [0.296, 0.427, 0.475, 0.344, 0.068, 0.198, 0.300, 0.192, 0.156, 0.126, 0.238]
  Max pairwise normalized dot product: 0.824

Uniform Matrix 83:
  [88, 72, 36, 56, 4, 33, 31, 40, 1, 15, 64]
  [57, 7, 15, 86, 26, 48, 95, 32, 79, 86, 89]
  [75, 26, 69, 60, 81, 24, 82, 29, 15, 23, 93]
  ICI: 0.2551
  ASI: 0.0013
  TVA: 0.4074
  H-score: 0.6878
  Item-wise Gini: [0.171, 0.462, 0.282, 0.063, 0.457, 0.123, 0.151, 0.141, 0.536, 0.328, 0.026]
  Max pairwise normalized dot product: 0.812

Uniform Matrix 84:
  [68, 83, 82, 8, 34, 58, 23, 97, 5, 78, 63]
  [58, 27, 84, 73, 95, 17, 20, 12, 30, 8, 69]
  [23, 9, 96, 55, 35, 65, 32, 84, 44, 17, 67]
  ICI: 0.2408
  ASI: 0.0008
  TVA: 0.3161
  H-score: 0.5731
  Item-wise Gini: [0.180, 0.385, 0.062, 0.338, 0.287, 0.233, 0.107, 0.265, 0.328, 0.425, 0.062]
  Max pairwise normalized dot product: 0.803

Uniform Matrix 85:
  [32, 11, 7, 29, 97, 33, 76, 9, 37, 38, 88]
  [97, 47, 56, 81, 14, 85, 47, 81, 73, 41, 71]
  [43, 44, 63, 58, 20, 63, 29, 54, 78, 32, 63]
  ICI: 0.2198
  ASI: 0.0084
  TVA: 0.2831
  H-score: 0.6711
  Item-wise Gini: [0.162, 0.218, 0.315, 0.124, 0.476, 0.108, 0.263, 0.275, 0.125, 0.082, 0.146]
  Max pairwise normalized dot product: 0.963

Uniform Matrix 86:
  [58, 52, 88, 67, 67, 62, 73, 55, 18, 80, 83]
  [10, 15, 33, 70, 91, 42, 46, 14, 43, 2, 72]
  [21, 35, 84, 45, 14, 94, 67, 56, 30, 31, 60]
  ICI: 0.2164
  ASI: 0.0094
  TVA: 0.2550
  H-score: 0.6586
  Item-wise Gini: [0.275, 0.153, 0.151, 0.150, 0.368, 0.161, 0.042, 0.225, 0.269, 0.414, 0.089]
  Max pairwise normalized dot product: 0.905

Uniform Matrix 87:
  [42, 78, 25, 22, 31, 53, 21, 7, 65, 96, 36]
  [50, 57, 95, 17, 18, 73, 52, 64, 19, 90, 39]
  [34, 39, 25, 26, 34, 51, 49, 6, 9, 12, 23]
  ICI: 0.2113
  ASI: 0.0004
  TVA: 0.3161
  H-score: 0.5360
  Item-wise Gini: [0.054, 0.110, 0.252, 0.228, 0.255, 0.089, 0.261, 0.443, 0.360, 0.273, 0.023]
  Max pairwise normalized dot product: 0.820

Uniform Matrix 88:
  [94, 50, 38, 97, 34, 61, 9, 76, 98, 81, 2]
  [18, 46, 82, 82, 45, 61, 80, 57, 98, 24, 82]
  [19, 77, 65, 50, 45, 66, 39, 87, 42, 55, 97]
  ICI: 0.1894
  ASI: 0.0023
  TVA: 0.2455
  H-score: 0.4811
  Item-wise Gini: [0.395, 0.130, 0.147, 0.140, 0.060, 0.029, 0.360, 0.101, 0.161, 0.245, 0.358]
  Max pairwise normalized dot product: 0.900

Uniform Matrix 89:
  [28, 61, 66, 10, 63, 86, 35, 23, 77, 31, 44]
  [23, 82, 58, 85, 7, 13, 51, 55, 69, 13, 18]
  [32, 49, 69, 53, 55, 77, 90, 75, 51, 13, 58]
  ICI: 0.1903
  ASI: 0.0044
  TVA: 0.2417
  H-score: 0.5206
  Item-wise Gini: [0.021, 0.171, 0.028, 0.377, 0.315, 0.289, 0.163, 0.182, 0.116, 0.237, 0.171]
  Max pairwise normalized dot product: 0.878

Uniform Matrix 90:
  [13, 89, 7, 86, 17, 46, 78, 84, 77, 82, 24]
  [94, 82, 79, 33, 86, 36, 66, 98, 10, 19, 60]
  [17, 10, 29, 5, 51, 92, 3, 16, 67, 40, 54]
  ICI: 0.3155
  ASI: 0.0045
  TVA: 0.3721
  H-score: 0.7772
  Item-wise Gini: [0.386, 0.273, 0.348, 0.421, 0.240, 0.334, 0.342, 0.215, 0.335, 0.266, 0.248]
  Max pairwise normalized dot product: 0.686

Uniform Matrix 91:
  [71, 79, 28, 8, 27, 95, 35, 88, 12, 66, 17]
  [5, 60, 75, 60, 84, 18, 83, 39, 5, 4, 89]
  [70, 48, 38, 50, 47, 49, 77, 58, 57, 81, 23]
  ICI: 0.2733
  ASI: 0.0099
  TVA: 0.3608
  H-score: 0.8317
  Item-wise Gini: [0.320, 0.135, 0.232, 0.311, 0.251, 0.328, 0.174, 0.182, 0.448, 0.317, 0.382]
  Max pairwise normalized dot product: 0.855

Uniform Matrix 92:
  [10, 46, 44, 59, 49, 70, 35, 38, 81, 68, 13]
  [39, 100, 31, 62, 20, 93, 41, 28, 70, 80, 20]
  [87, 96, 69, 74, 32, 65, 34, 3, 68, 66, 62]
  ICI: 0.1668
  ASI: 0.0008
  TVA: 0.2803
  H-score: 0.4623
  Item-wise Gini: [0.345, 0.134, 0.142, 0.018, 0.229, 0.102, 0.064, 0.366, 0.095, 0.066, 0.299]
  Max pairwise normalized dot product: 0.927

Uniform Matrix 93:
  [40, 28, 62, 45, 68, 13, 61, 36, 54, 72, 55]
  [51, 76, 92, 86, 87, 17, 40, 7, 25, 18, 86]
  [23, 41, 97, 56, 54, 70, 61, 80, 40, 98, 2]
  ICI: 0.2208
  ASI: 0.0030
  TVA: 0.3170
  H-score: 0.5973
  Item-wise Gini: [0.168, 0.208, 0.064, 0.130, 0.114, 0.354, 0.109, 0.374, 0.187, 0.262, 0.379]
  Max pairwise normalized dot product: 0.869

Uniform Matrix 94:
  [72, 96, 86, 82, 24, 44, 79, 43, 99, 47, 58]
  [67, 86, 59, 83, 44, 54, 32, 87, 92, 29, 9]
  [99, 6, 87, 29, 35, 55, 1, 54, 23, 50, 95]
  ICI: 0.1980
  ASI: 0.0055
  TVA: 0.1925
  H-score: 0.5005
  Item-wise Gini: [0.149, 0.296, 0.127, 0.169, 0.142, 0.115, 0.443, 0.173, 0.208, 0.159, 0.403]
  Max pairwise normalized dot product: 0.921

Uniform Matrix 95:
  [58, 40, 76, 95, 7, 26, 8, 8, 100, 62, 77]
  [53, 36, 37, 93, 66, 32, 8, 25, 81, 42, 4]
  [53, 83, 75, 10, 18, 65, 10, 15, 7, 59, 69]
  ICI: 0.2099
  ASI: 0.0002
  TVA: 0.2560
  H-score: 0.4694
  Item-wise Gini: [0.020, 0.219, 0.149, 0.299, 0.442, 0.245, 0.091, 0.256, 0.301, 0.080, 0.317]
  Max pairwise normalized dot product: 0.846

Uniform Matrix 96:
  [7, 30, 39, 24, 9, 32, 30, 22, 63, 83, 96]
  [64, 10, 29, 84, 58, 60, 58, 22, 6, 13, 34]
  [48, 50, 98, 2, 90, 12, 64, 13, 11, 70, 1]
  ICI: 0.3214
  ASI: 0.0021
  TVA: 0.4100
  H-score: 0.7726
  Item-wise Gini: [0.325, 0.286, 0.266, 0.497, 0.335, 0.312, 0.138, 0.115, 0.479, 0.288, 0.485]
  Max pairwise normalized dot product: 0.630

Uniform Matrix 97:
  [79, 60, 1, 80, 45, 32, 48, 75, 1, 97, 54]
  [80, 22, 10, 30, 24, 7, 51, 53, 3, 63, 20]
  [40, 46, 85, 67, 25, 27, 32, 12, 45, 69, 61]
  ICI: 0.2547
  ASI: 0.0036
  TVA: 0.3255
  H-score: 0.6515
  Item-wise Gini: [0.216, 0.115, 0.561, 0.108, 0.102, 0.191, 0.180, 0.271, 0.587, 0.053, 0.160]
  Max pairwise normalized dot product: 0.928

Uniform Matrix 98:
  [76, 60, 25, 75, 13, 45, 16, 68, 25, 47, 99]
  [73, 18, 30, 41, 61, 53, 45, 49, 22, 78, 83]
  [6, 38, 15, 77, 89, 23, 39, 87, 16, 71, 99]
  ICI: 0.1674
  ASI: 0.0025
  TVA: 0.1478
  H-score: 0.3660
  Item-wise Gini: [0.303, 0.244, 0.145, 0.121, 0.308, 0.167, 0.193, 0.121, 0.099, 0.105, 0.040]
  Max pairwise normalized dot product: 0.887

Uniform Matrix 99:
  [67, 88, 31, 45, 45, 81, 58, 35, 19, 81, 48]
  [9, 28, 45, 28, 5, 81, 13, 30, 94, 5, 57]
  [20, 5, 12, 83, 84, 36, 42, 72, 21, 42, 42]
  ICI: 0.2906
  ASI: 0.0079
  TVA: 0.4384
  H-score: 0.8863
  Item-wise Gini: [0.334, 0.397, 0.305, 0.224, 0.419, 0.202, 0.193, 0.225, 0.436, 0.342, 0.135]
  Max pairwise normalized dot product: 0.737

Uniform Matrix 100:
  [23, 66, 67, 76, 10, 88, 94, 79, 50, 24, 6]
  [4, 91, 59, 15, 52, 29, 16, 51, 52, 59, 98]
  [44, 12, 77, 90, 50, 44, 24, 94, 77, 75, 48]
  ICI: 0.2502
  ASI: 0.0015
  TVA: 0.3208
  H-score: 0.6003
  Item-wise Gini: [0.353, 0.337, 0.017, 0.251, 0.280, 0.232, 0.380, 0.089, 0.077, 0.189, 0.431]
  Max pairwise normalized dot product: 0.796

=== UNIFORM MATRIX SUMMARY ===
Total matrices: 100
Mean H-score: 0.6309
Standard deviation: 0.1218
